"","Apr","Aug","Dec","Feb","Jan","Jul","Jun","Mar","May","Nov","Oct","Sep","Fri","Mon","Sat","Sun","Thu","Tue","Wed","year","day","temp","visib","wdsp","prcp","fog","collisions"
"1",0,0,0,0,0,0,1,0,0,0,0,0,0,0,0,1,0,0,0,2012,1,83.6,9.7,4.1,0,0,-0.0996047273680093
"2",0,0,0,0,0,0,1,0,0,0,0,0,0,1,0,0,0,0,0,2012,3,80.3,10,3.8,0,0,0.207226577029
"3",0,0,0,0,0,0,1,0,0,0,0,0,0,0,0,0,0,1,0,2012,4,79.8,10,2.9,0,0,1.38734697855596
"4",0,0,0,0,0,0,1,0,0,0,0,0,0,0,0,0,0,0,1,2012,5,81.8,9.2,3.6,0.06,0,-1.35053235298658
"5",0,0,0,0,0,0,1,0,0,0,0,0,0,0,0,0,1,0,0,2012,6,86.7,9.4,3.8,0,0,0.525859085441278
"6",0,0,0,0,0,0,1,0,0,0,0,0,1,0,0,0,0,0,0,2012,7,81.9,10,3.1,0,0,1.08051567415895
"7",0,0,0,0,0,0,1,0,0,0,0,0,0,0,1,0,0,0,0,2012,2,84.9,9.5,3.1,0,0,-0.666062520100949
"8",0,0,0,0,0,0,1,0,0,0,0,0,0,0,0,1,0,0,0,2012,1,80.6,8.5,3.1,0.59,0,-0.972893824497958
"9",0,0,0,0,0,0,1,0,0,0,0,0,0,1,0,0,0,0,0,2012,3,78.5,10,3.5,0.09,0,-0.158610747444357
"10",0,0,0,0,0,0,1,0,0,0,0,0,0,0,0,0,0,1,0,2012,4,76.5,10,3.4,0,0,-0.264821583581783
"11",0,0,0,0,0,0,1,0,0,0,0,0,0,0,0,0,0,0,1,2012,5,77.1,10,1.9,0,0,0.219027781044269
"12",0,0,0,0,0,0,1,0,0,0,0,0,0,0,0,0,1,0,0,2012,6,77.4,10,2.3,0,0,0.360642229227504
"13",0,0,0,0,0,0,1,0,0,0,0,0,1,0,0,0,0,0,0,2012,7,78.9,9.9,3,0,0,0.667473533624513
"14",0,0,0,0,0,0,1,0,0,0,0,0,0,0,1,0,0,0,0,2012,2,78.5,10,3.5,0,1,-0.123207135398548
"15",0,0,0,0,0,0,1,0,0,0,0,0,0,0,0,1,0,0,0,2012,1,79.7,9.1,2.8,0,0,-0.618857704039871
"16",0,0,0,0,0,0,1,0,0,0,0,0,0,1,0,0,0,0,0,2012,3,79,9.2,4,0.26,0,-0.217616767520705
"17",0,0,0,0,0,0,1,0,0,0,0,0,0,0,0,0,0,1,0,2012,4,84.6,9.4,3.5,0,0,1.19852771431164
"18",0,0,0,0,0,0,1,0,0,0,0,0,0,0,0,0,0,0,1,2012,5,85.3,7.2,3.7,0,1,0.148220556952652
"19",0,0,0,0,0,0,1,0,0,0,0,0,0,0,0,0,1,0,0,2012,6,73.3,7.5,3.4,1.76,0,-0.288423991612323
"20",0,0,0,0,0,0,1,0,0,0,0,0,1,0,0,0,0,0,0,2012,7,67.2,7.4,6.5,0.17,0,0.679274737639783
"21",0,0,0,0,0,0,1,0,0,0,0,0,0,0,1,0,0,0,0,2012,2,68.1,9.8,4.1,0.43,0,-0.217616767520705
"22",0,0,0,0,0,0,1,0,0,0,0,0,0,0,0,1,0,0,0,2012,1,72.5,10,2,0,0,-0.571652887978792
"23",0,0,0,0,0,0,1,0,0,0,0,0,0,1,0,0,0,0,0,2012,3,76,8.9,3,0,0,-0.489044459871905
"24",0,0,0,0,0,0,1,0,0,0,0,0,0,0,0,0,0,1,0,2012,4,80.3,8.1,6,0.15,0,0.325238617181695
"25",0,0,0,0,0,0,1,0,0,0,0,0,0,0,0,0,0,0,1,2012,5,76.5,10,4.2,0,0,0.773684369761939
"26",0,0,0,0,0,0,1,0,0,0,0,0,0,0,0,0,1,0,0,2012,6,78,8.9,4.3,0,1,0.679274737639783
"27",0,0,0,0,0,0,1,0,0,0,0,0,1,0,0,0,0,0,0,2012,7,76.6,9.1,4.4,0.6,0,1.08051567415895
"28",0,0,0,0,0,0,1,0,0,0,0,0,0,0,1,0,0,0,0,2012,2,75.5,7,3.9,0,1,-0.394634827749749
"29",0,0,0,0,0,0,1,0,0,0,0,0,0,0,0,1,0,0,0,2012,1,71.7,9.4,3.2,0.18,0,-2.01139977784168
"30",0,0,0,0,0,0,1,0,0,0,0,0,0,1,0,0,0,0,0,2012,3,73.1,10,2.2,0.01,0,-0.194014359490166
"31",0,0,0,0,0,0,1,0,0,0,0,0,0,0,0,0,0,1,0,2012,4,73.4,10,3.8,0,0,-0.0760023193374701
"32",0,0,0,0,0,0,0,1,0,0,0,0,0,0,0,0,0,0,1,2012,5,72.2,7.8,2.5,0.55,1,0.820889185823018
"33",0,0,0,0,0,0,0,1,0,0,0,0,0,0,0,0,1,0,0,2012,6,75,6.2,2.7,0.11,1,0.278033801120617
"34",0,0,0,0,0,0,0,1,0,0,0,0,1,0,0,0,0,0,0,2012,7,77.9,6,4.4,0,1,0.502256677410739
"35",0,0,0,0,0,0,0,1,0,0,0,0,0,0,1,0,0,0,0,2012,2,77.9,5.7,4.1,0,1,0.254431393090078
"36",0,0,0,0,0,0,0,1,0,0,0,0,0,0,0,1,0,0,0,2012,1,78.1,5.8,6.1,0,1,-0.335628807673401
"37",0,0,0,0,0,0,0,1,0,0,0,0,0,1,0,0,0,0,0,2012,3,77.3,8.9,5.5,0.49,0,0.549461493471817
"38",0,0,0,0,0,0,0,1,0,0,0,0,0,0,0,0,0,1,0,2012,4,75.2,10,1.2,0.01,0,0.00660610876941692
"39",0,0,0,0,0,0,0,1,0,0,0,0,0,0,0,0,0,0,1,2012,5,77.8,8.8,1.1,0,0,-0.217616767520705
"40",0,0,0,0,0,0,0,1,0,0,0,0,0,0,0,0,1,0,0,2012,6,78.2,9.3,2.3,0,0,0.407847045288583
"41",0,0,0,0,0,0,0,1,0,0,0,0,1,0,0,0,0,0,0,2012,7,75.3,7.6,5.4,0,1,0.832690389838287
"42",0,0,0,0,0,0,0,1,0,0,0,0,0,0,1,0,0,0,0,2012,2,77.7,7.8,6.9,1.1,0,-0.465442051841366
"43",0,0,0,0,0,0,0,1,0,0,0,0,0,0,0,1,0,0,0,2012,1,77.8,8.7,5.7,0.62,0,-0.489044459871905
"44",0,0,0,0,0,0,0,1,0,0,0,0,0,1,0,0,0,0,0,2012,3,76.3,9.2,4.3,0.05,0,-0.500845663887175
"45",0,0,0,0,0,0,0,1,0,0,0,0,0,0,0,0,0,1,0,2012,4,76,9.6,2.3,0,0,-0.312026399642862
"46",0,0,0,0,0,0,0,1,0,0,0,0,0,0,0,0,0,0,1,2012,5,73.6,6.5,3.5,0.01,1,0.655672329609244
"47",0,0,0,0,0,0,0,1,0,0,0,0,0,0,0,0,1,0,0,2012,6,74,6.7,3.1,0.15,1,0.785485573777209
"48",0,0,0,0,0,0,0,1,0,0,0,0,1,0,0,0,0,0,0,2012,7,77.9,9.5,3.3,0,0,0.325238617181695
"49",0,0,0,0,0,0,0,1,0,0,0,0,0,0,1,0,0,0,0,2012,2,69.8,8.4,4.1,0.01,0,-0.0760023193374701
"50",0,0,0,0,0,0,0,1,0,0,0,0,0,0,0,1,0,0,0,2012,1,68.7,10,1.3,0.23,0,-0.937490212452149
"51",0,0,0,0,0,0,0,1,0,0,0,0,0,1,0,0,0,0,0,2012,3,71.4,10,0.8,0,0,-0.866682988360532
"52",0,0,0,0,0,0,0,1,0,0,0,0,0,0,0,0,0,1,0,2012,4,72.8,10,2.5,0,0,-0.760472152223106
"53",0,0,0,0,0,0,0,1,0,0,0,0,0,0,0,0,0,0,1,2012,5,73.8,9.8,1.7,0,0,-0.500845663887175
"54",0,0,0,0,0,0,0,1,0,0,0,0,0,0,0,0,1,0,0,2012,6,74.7,8.9,2,0,0,0.325238617181695
"55",0,0,0,0,0,0,0,1,0,0,0,0,1,0,0,0,0,0,0,2012,7,77.3,9.3,2,0,0,0.643871125593974
"56",0,0,0,0,0,0,0,1,0,0,0,0,0,0,1,0,0,0,0,2012,2,75.7,7.3,3.2,0.01,1,-0.854881784345262
"57",0,0,0,0,0,0,0,1,0,0,0,0,0,0,0,1,0,0,0,2012,1,73.9,10,4.6,0,0,-0.890285396391071
"58",0,0,0,0,0,0,0,1,0,0,0,0,0,1,0,0,0,0,0,2012,3,71.9,8.6,2.7,0.01,1,0.0184073127846865
"59",0,0,0,0,0,0,0,1,0,0,0,0,0,0,0,0,0,1,0,2012,4,77.9,9,6,0.75,0,0.4786542693802
"60",0,0,0,0,0,0,0,1,0,0,0,0,0,0,0,0,0,0,1,2012,5,73.3,10,4.7,0.01,0,0.0420097208152257
"61",0,0,0,0,0,0,0,1,0,0,0,0,0,0,0,0,1,0,0,2012,6,72,10,2.5,0,0,0.844491593853557
"62",0,0,0,0,0,0,0,1,0,0,0,0,1,0,0,0,0,0,0,2012,7,78.7,9.9,3.9,0,0,1.82399152712093
"63",0,0,0,0,0,0,0,0,1,0,0,0,0,0,1,0,0,0,0,2012,2,81.6,9.9,4.7,0,0,-0.37103241971921
"64",0,0,0,0,0,0,0,0,1,0,0,0,0,0,0,1,0,0,0,2012,1,75.4,9.8,3.2,0,0,-1.48034559715455
"65",0,0,0,0,0,0,0,0,1,0,0,0,0,1,0,0,0,0,0,2012,3,73.8,10,4.5,0,0,-2.04680338988749
"66",0,0,0,0,0,0,0,0,1,0,0,0,0,0,0,0,0,1,0,2012,4,72.6,8.8,4.7,0.02,0,0.702877145670322
"67",0,0,0,0,0,0,0,0,1,0,0,0,0,0,0,0,0,0,1,2012,5,75.2,6.7,5.4,0.13,0,0.643871125593974
"68",0,0,0,0,0,0,0,0,1,0,0,0,0,0,0,0,1,0,0,2012,6,73.2,9.7,2.3,0.59,0,0.301636209151156
"69",0,0,0,0,0,0,0,0,1,0,0,0,1,0,0,0,0,0,0,2012,7,77,8.7,2.7,0,0,1.57616624280027
"70",0,0,0,0,0,0,0,0,1,0,0,0,0,0,1,0,0,0,0,2012,2,75.3,8.8,5.8,0,1,0.608467513548165
"71",0,0,0,0,0,0,0,0,1,0,0,0,0,0,0,1,0,0,0,2012,1,68.4,9.5,3,0.04,0,-0.972893824497958
"72",0,0,0,0,0,0,0,0,1,0,0,0,0,1,0,0,0,0,0,2012,3,65.4,10,5.7,0.16,0,1.06871447014368
"73",0,0,0,0,0,0,0,0,1,0,0,0,0,0,0,0,0,1,0,2012,4,62.8,10,3.1,0,0,-0.300225195627592
"74",0,0,0,0,0,0,0,0,1,0,0,0,0,0,0,0,0,0,1,2012,5,68.5,10,2.1,0,0,1.23393132635745
"75",0,0,0,0,0,0,0,0,1,0,0,0,0,0,0,0,1,0,0,2012,6,70.4,10,3.2,0,0,1.00970845006733
"76",0,0,0,0,0,0,0,0,1,0,0,0,1,0,0,0,0,0,0,2012,7,70.5,9.7,2.3,0,0,0.738280757716131
"77",0,0,0,0,0,0,0,0,1,0,0,0,0,0,1,0,0,0,0,2012,2,67.2,10,5.1,0.01,0,0.124618148922113
"78",0,0,0,0,0,0,0,0,1,0,0,0,0,0,0,1,0,0,0,2012,1,65.1,10,1.9,0,0,-1.04370104858958
"79",0,0,0,0,0,0,0,0,1,0,0,0,0,1,0,0,0,0,0,2012,3,66.5,10,2.2,0,0,-1.11450827268119
"80",0,0,0,0,0,0,0,0,1,0,0,0,0,0,0,0,0,1,0,2012,4,70.6,7.6,5.5,0.11,1,0.112816944906843
"81",0,0,0,0,0,0,0,0,1,0,0,0,0,0,0,0,0,0,1,2012,5,66.7,7.6,6.3,0.68,0,0.773684369761939
"82",0,0,0,0,0,0,0,0,1,0,0,0,0,0,0,0,1,0,0,2012,6,61,10,4.6,0.04,0,-0.288423991612323
"83",0,0,0,0,0,0,0,0,1,0,0,0,1,0,0,0,0,0,0,2012,7,64.7,10,4.7,0,0,1.26933493840326
"84",0,0,0,0,0,0,0,0,1,0,0,0,0,0,1,0,0,0,0,2012,2,66.3,8.1,5.6,0.01,0,0.00660610876941692
"85",0,0,0,0,0,0,0,0,1,0,0,0,0,0,0,1,0,0,0,2012,1,63.8,9,6.4,0.22,0,-0.784074560253645
"86",0,0,0,0,0,0,0,0,1,0,0,0,0,1,0,0,0,0,0,2012,3,59,10,3.3,0,0,0.183624168998461
"87",0,0,0,0,0,0,0,0,1,0,0,0,0,0,0,0,0,1,0,2012,4,62,10,4.9,0,0,0.561262697487087
"88",0,0,0,0,0,0,0,0,1,0,0,0,0,0,0,0,0,0,1,2012,5,67.7,10,4.3,0,0,-1.68096606541413
"89",0,0,0,0,0,0,0,0,1,0,0,0,0,0,0,0,1,0,0,2012,6,69,8.7,1.8,0.01,0,0.868094001884096
"90",0,0,0,0,0,0,0,0,1,0,0,0,1,0,0,0,0,0,0,2012,7,65.2,5.9,5.1,0.25,1,1.84759393515147
"91",0,0,0,0,0,0,0,0,1,0,0,0,0,0,1,0,0,0,0,2012,2,62.4,7.6,3.9,0.37,1,-0.725068540177297
"92",0,0,0,0,0,0,0,0,1,0,0,0,0,0,0,1,0,0,0,2012,1,60.5,9.5,3.9,0.75,0,-1.149911884727
"93",0,0,0,0,0,0,0,0,0,0,0,1,0,1,0,0,0,0,0,2012,3,60.6,10,4.7,0.46,0,0.101015740891574
"94",0,0,0,0,0,0,0,0,0,0,0,1,0,0,0,0,0,1,0,2012,4,63.7,7.3,2.4,0,0,0.549461493471817
"95",0,0,0,0,0,0,0,0,0,0,0,1,0,0,0,0,0,0,1,2012,5,65.6,1.5,3.5,0.45,1,-0.524448071917714
"96",0,0,0,0,0,0,0,0,0,0,0,1,0,0,0,0,1,0,0,2012,6,68.6,2.9,2.2,0.01,1,0.089214536876304
"97",0,0,0,0,0,0,0,0,0,0,0,1,1,0,0,0,0,0,0,2012,7,67.8,8.4,3.3,0,0,1.72958189499878
"98",0,0,0,0,0,0,0,0,0,0,0,1,0,0,1,0,0,0,0,2012,2,66.1,7,5.2,0.01,1,-0.548050479948253
"99",0,0,0,0,0,0,0,0,0,0,0,1,0,0,0,1,0,0,0,2012,1,52.5,9.3,2,0.04,0,-0.772273356238375
"100",0,0,0,0,0,0,0,0,0,0,0,1,0,1,0,0,0,0,0,2012,3,49.9,9,3.5,0.2,0,-2.01139977784168
"101",0,0,0,0,0,0,0,0,0,0,0,1,0,0,0,0,0,1,0,2012,4,53.8,8.5,5.6,0.46,0,0.278033801120617
"102",0,0,0,0,0,0,0,0,0,0,0,1,0,0,0,0,0,0,1,2012,5,58.2,7.5,5.2,0.03,0,1.10411808218949
"103",0,0,0,0,0,0,0,0,0,0,0,1,0,0,0,0,1,0,0,2012,6,53.4,10,5.5,0.02,0,1.30473855044907
"104",0,0,0,0,0,0,0,0,0,0,0,1,1,0,0,0,0,0,0,2012,7,51.2,10,5.3,0,0,0.561262697487087
"105",0,0,0,0,0,0,0,0,0,0,0,1,0,0,1,0,0,0,0,2012,2,45.2,10,3.1,0,0,0.00660610876941692
"106",0,0,0,0,0,0,0,0,0,0,0,1,0,0,0,1,0,0,0,2012,1,58.7,10,5,0,0,-0.34743001168867
"107",0,0,0,0,0,0,0,0,0,0,0,1,0,1,0,0,0,0,0,2012,3,65.3,9.4,4.5,0,0,0.714678349685592
"108",0,0,0,0,0,0,0,0,0,0,0,1,0,0,0,0,0,1,0,2012,4,55.8,9.9,5.8,0.12,0,0.655672329609244
"109",0,0,0,0,0,0,0,0,0,0,0,1,0,0,0,0,0,0,1,2012,5,51.9,10,1.3,0,0,0.809087981807748
"110",0,0,0,0,0,0,0,0,0,0,0,1,0,0,0,0,1,0,0,2012,6,56.8,9.7,3.1,0,0,0.986106042036792
"111",0,0,0,0,0,0,0,0,0,0,0,1,1,0,0,0,0,0,0,2012,7,63.2,6.1,5.2,0.25,1,2.26063607568591
"112",0,0,0,0,0,0,0,0,0,0,0,1,0,0,1,0,0,0,0,2012,2,62.7,5,6.3,0.13,1,0.4786542693802
"113",0,0,0,0,0,0,0,0,0,0,0,1,0,0,0,1,0,0,0,2012,1,56.5,10,5,0,0,-1.4213395770782
"114",0,0,0,0,0,0,0,0,0,0,0,1,0,1,0,0,0,0,0,2012,3,57.8,10,4.3,0,0,0.738280757716131
"115",0,0,0,0,0,0,0,0,0,0,0,1,0,0,0,0,0,1,0,2012,4,59,9.7,2.2,0,0,-0.288423991612323
"116",0,0,0,0,0,0,0,0,0,0,0,1,0,0,0,0,0,0,1,2012,5,57.1,6.4,4.1,0.07,0,-0.618857704039871
"117",0,0,0,0,0,0,0,0,0,0,0,1,0,0,0,0,1,0,0,2012,6,58,10,3,0,0,-0.418237235780288
"118",0,0,0,0,0,0,0,0,0,0,0,1,1,0,0,0,0,0,0,2012,7,60.8,10,1.5,0,0,0.608467513548165
"119",0,0,0,0,0,0,0,0,0,0,0,1,0,0,1,0,0,0,0,2012,2,61.9,9.6,4.3,0,0,-0.264821583581783
"120",0,0,0,0,0,0,0,0,0,0,0,1,0,0,0,1,0,0,0,2012,1,57.7,9.6,11.9,0,0,-1.6927672694294
"121",0,0,0,0,0,0,0,0,0,0,0,1,0,1,0,0,0,0,0,2012,3,56.9,6.1,18.7,0.03,0,-2.93189369103271
"122",0,0,0,0,0,0,0,0,0,0,0,1,0,0,0,0,0,1,0,2012,4,53.9,8.1,8.9,1.97,0,-2.05860459390276
"123",0,0,0,0,0,0,0,0,0,0,0,1,0,0,0,0,0,0,1,2012,5,49.7,8.6,5.5,0.06,0,0.0302085167999561
"124",0,0,0,0,0,0,0,0,0,0,1,0,0,0,0,0,1,0,0,2012,6,47.7,10,6,0.04,0,-1.2679239248797
"125",0,0,0,0,0,0,0,0,0,0,1,0,1,0,0,0,0,0,0,2012,7,48.2,10,5.2,0,0,-2.37723710231504
"126",0,0,0,0,0,0,0,0,0,0,1,0,0,0,1,0,0,0,0,2012,2,44.7,10,7.6,0.01,0,-2.82568285489528
"127",0,0,0,0,0,0,0,0,0,0,1,0,0,0,0,1,0,0,0,2012,1,43.2,10,6.1,0,0,-2.38903830633031
"128",0,0,0,0,0,0,0,0,0,0,1,0,0,1,0,0,0,0,0,2012,3,42.3,10,5.5,0,0,-0.795875764268914
"129",0,0,0,0,0,0,0,0,0,0,1,0,0,0,0,0,0,1,0,2012,4,36.6,10,4.8,0.07,0,-0.382833623734479
"130",0,0,0,0,0,0,0,0,0,0,1,0,0,0,0,0,0,0,1,2012,5,37.1,7.3,10.1,0,1,2.02461199538051
"131",0,0,0,0,0,0,0,0,0,0,1,0,0,0,0,0,1,0,0,2012,6,41.2,5.1,15.2,2.45,0,0.0420097208152257
"132",0,0,0,0,0,0,0,0,0,0,1,0,1,0,0,0,0,0,0,2012,7,43.3,9.8,9.6,0.17,0,1.67057587492243
"133",0,0,0,0,0,0,0,0,0,0,1,0,0,0,1,0,0,0,0,2012,2,48,7.9,2,0,0,-1.20891790480335
"134",0,0,0,0,0,0,0,0,0,0,1,0,0,0,0,1,0,0,0,2012,1,54.7,7,1.6,0,0,-0.241219175551244
"135",0,0,0,0,0,0,0,0,0,0,1,0,0,1,0,0,0,0,0,2012,3,56.7,7.4,2.9,0,1,0.00660610876941692
"136",0,0,0,0,0,0,0,0,0,0,1,0,0,0,0,0,0,1,0,2012,4,52.4,8.8,6.1,0.06,0,1.19852771431164
"137",0,0,0,0,0,0,0,0,0,0,1,0,0,0,0,0,0,0,1,2012,5,42.8,9.6,7.7,0.33,0,0.927100021960444
"138",0,0,0,0,0,0,0,0,0,0,1,0,0,0,0,0,1,0,0,2012,6,40.4,10,5.3,0,0,0.903497613929905
"139",0,0,0,0,0,0,0,0,0,0,1,0,1,0,0,0,0,0,0,2012,7,41.9,9.7,5.8,0,0,1.48175661067811
"140",0,0,0,0,0,0,0,0,0,0,1,0,0,0,1,0,0,0,0,2012,2,43.6,10,4.7,0,0,-0.052399911306931
"141",0,0,0,0,0,0,0,0,0,0,1,0,0,0,0,1,0,0,0,2012,1,43.2,9.8,5.5,0,0,-1.18531549677281
"142",0,0,0,0,0,0,0,0,0,0,1,0,0,1,0,0,0,0,0,2012,3,43,10,6.3,0,0,0.455051861349661
"143",0,0,0,0,0,0,0,0,0,0,1,0,0,0,0,0,0,1,0,2012,4,44.4,10,3.6,0,0,1.46995540666284
"144",0,0,0,0,0,0,0,0,0,0,1,0,0,0,0,0,0,0,1,2012,5,46.5,10,4.2,0,0,1.6823770789377
"145",0,0,0,0,0,0,0,0,0,0,1,0,0,0,0,0,1,0,0,2012,6,47.3,10,3.4,0,0,-1.91699014571952
"146",0,0,0,0,0,0,0,0,0,0,1,0,1,0,0,0,0,0,0,2012,7,48.3,8.9,3.4,0,1,-0.772273356238375
"147",0,0,0,0,0,0,0,0,0,0,1,0,0,0,1,0,0,0,0,2012,2,44.1,9.5,7.6,0.01,1,-1.04370104858958
"148",0,0,0,0,0,0,0,0,0,0,1,0,0,0,0,1,0,0,0,2012,1,36.6,10,7.1,0,0,-1.55115282124617
"149",0,0,0,0,0,0,0,0,0,0,1,0,0,1,0,0,0,0,0,2012,3,40.3,10,4.9,0,0,0.19542537301373
"150",0,0,0,0,0,0,0,0,0,0,1,0,0,0,0,0,0,1,0,2012,4,38.7,7,4.4,0,0,0.431449453319122
"151",0,0,0,0,0,0,0,0,0,0,1,0,0,0,0,0,0,0,1,2012,5,37.5,9.3,7.1,0.59,0,-0.406436031765018
"152",0,0,0,0,0,0,0,0,0,0,1,0,0,0,0,0,1,0,0,2012,6,37.5,9.7,5.8,0.01,0,-0.37103241971921
"153",0,0,0,0,0,0,0,0,0,0,1,0,1,0,0,0,0,0,0,2012,7,41.3,9.3,4.7,0,0,0.348841025212235
"154",0,0,0,0,0,0,0,0,0,1,0,0,0,0,1,0,0,0,0,2012,2,38.5,9.3,9.2,0,0,-0.784074560253645
"155",0,0,0,0,0,0,0,0,0,1,0,0,0,0,0,1,0,0,0,2012,1,44.3,3.9,3,0.08,1,-1.07910466063538
"156",0,0,0,0,0,0,0,0,0,1,0,0,0,1,0,0,0,0,0,2012,3,53.5,7,3.9,0.04,0,0.879895205899366
"157",0,0,0,0,0,0,0,0,0,1,0,0,0,0,0,0,0,1,0,2012,4,51.9,5.6,2.9,0.04,1,0.879895205899366
"158",0,0,0,0,0,0,0,0,0,1,0,0,0,0,0,0,0,0,1,2012,5,52.6,9.1,6.3,0.01,0,-0.382833623734479
"159",0,0,0,0,0,0,0,0,0,1,0,0,0,0,0,0,1,0,0,2012,6,35,10,3.6,0.01,0,0.868094001884096
"160",0,0,0,0,0,0,0,0,0,1,0,0,1,0,0,0,0,0,0,2012,7,38.8,7.9,1.9,0,0,1.97740717931944
"161",0,0,0,0,0,0,0,0,0,1,0,0,0,0,1,0,0,0,0,2012,2,47.3,3.7,3.5,0.32,1,0.396045841273313
"162",0,0,0,0,0,0,0,0,0,1,0,0,0,0,0,1,0,0,0,2012,1,46.2,7.2,5.4,0.25,0,-0.0287975032763918
"163",0,0,0,0,0,0,0,0,0,1,0,0,0,1,0,0,0,0,0,2012,3,50.3,2.8,5.7,0.35,1,0.856292797868827
"164",0,0,0,0,0,0,0,0,0,1,0,0,0,0,0,0,0,1,0,2012,4,50.1,7.3,6,0.23,1,0.372443433242774
"165",0,0,0,0,0,0,0,0,0,1,0,0,0,0,0,0,0,0,1,2012,5,40.1,10,3.3,0.01,0,0.0420097208152257
"166",0,0,0,0,0,0,0,0,0,1,0,0,0,0,0,0,1,0,0,2012,6,40.3,10,1.7,0,0,-0.0169962992611222
"167",0,0,0,0,0,0,0,0,0,1,0,0,1,0,0,0,0,0,0,2012,7,41.4,10,4.1,0,0,1.19852771431164
"168",0,0,0,0,0,0,0,0,0,1,0,0,0,0,1,0,0,0,0,2012,2,42.6,9.9,2.8,0,0,-0.276622787597053
"169",0,0,0,0,0,0,0,0,0,1,0,0,0,0,0,1,0,0,0,2012,1,44.5,7.5,6.5,0,0,-0.548050479948253
"170",0,0,0,0,0,0,0,0,0,1,0,0,0,1,0,0,0,0,0,2012,3,42,5.6,9.5,0.44,0,1.21032891832691
"171",0,0,0,0,0,0,0,0,0,1,0,0,0,0,0,0,0,1,0,2012,4,47.3,5.3,7,0.34,0,1.16312410226584
"172",0,0,0,0,0,0,0,0,0,1,0,0,0,0,0,0,0,0,1,2012,5,44,10,9.3,0.07,0,0.514057881426009
"173",0,0,0,0,0,0,0,0,0,1,0,0,0,0,0,0,1,0,0,2012,6,39.8,10,8.5,0.02,0,0.702877145670322
"174",0,0,0,0,0,0,0,0,0,1,0,0,1,0,0,0,0,0,0,2012,7,47.3,7.1,9.4,0.56,0,2.41405172788441
"175",0,0,0,0,0,0,0,0,0,1,0,0,0,0,1,0,0,0,0,2012,2,37.4,10,10.6,0.7,0,-0.052399911306931
"176",0,0,0,0,0,0,0,0,0,1,0,0,0,0,0,1,0,0,0,2012,1,37.8,10,7.6,0.01,0,-1.63376124935305
"177",0,0,0,0,0,0,0,0,0,1,0,0,0,1,0,0,0,0,0,2012,3,37,10,3,0,0,-0.335628807673401
"178",0,0,0,0,0,0,0,0,0,1,0,0,0,0,0,0,0,1,0,2012,4,37.5,6.8,4.8,0.01,0,-2.27102626617761
"179",0,0,0,0,0,0,0,0,0,1,0,0,0,0,0,0,0,0,1,2012,5,32.2,8.8,9.5,0.13,1,-0.182213155474896
"180",0,0,0,0,0,0,0,0,0,1,0,0,0,0,0,0,1,0,0,2012,6,39.1,6,12.4,0.84,1,-0.253020379566514
"181",0,0,0,0,0,0,0,0,0,1,0,0,1,0,0,0,0,0,0,2012,7,33,9.4,10,0.37,0,0.124618148922113
"182",0,0,0,0,0,0,0,0,0,1,0,0,0,0,1,0,0,0,0,2012,2,32.5,7.8,5.3,0,1,-1.23252031283389
"183",0,0,0,0,0,0,0,0,0,1,0,0,0,0,0,1,0,0,0,2012,1,32.4,8.8,11.9,1.9,0,-1.59835763730725
"184",0,0,0,0,0,0,0,0,0,1,0,0,0,1,0,0,0,0,0,2012,3,31.5,10,6.8,0,0,-0.760472152223106
"185",1,0,0,0,0,0,0,0,0,0,0,0,0,0,0,0,0,1,0,2013,4,37.8,10,6.1,0,0,-2.23266559553446
"186",1,0,0,0,0,0,0,0,0,0,0,0,0,0,0,0,0,0,1,2013,5,27.1,10,5.3,0,0,-0.97925034085827
"187",1,0,0,0,0,0,0,0,0,0,0,0,0,0,0,0,1,0,0,2013,6,28.4,10,3.7,0,0,-0.10565789062941
"188",1,0,0,0,0,0,0,0,0,0,0,0,1,0,0,0,0,0,0,2013,7,33.4,10,6.5,0,0,-0.662731337152161
"189",1,0,0,0,0,0,0,0,0,0,0,0,0,0,1,0,0,0,0,2013,2,36.1,10,6.6,0,0,-2.13137951434851
"190",1,0,0,0,0,0,0,0,0,0,0,0,0,0,0,1,0,0,0,2013,1,38.3,8.5,5.3,0,0,-2.08073647375553
"191",1,0,0,0,0,0,0,0,0,0,0,0,0,1,0,0,0,0,0,2013,3,40.9,10,5.7,0,0,-0.460159174780251
"192",1,0,0,0,0,0,0,0,0,0,0,0,0,0,0,0,0,1,0,2013,4,40.7,9.3,5.1,0,0,-0.561445255966206
"193",1,0,0,0,0,0,0,0,0,0,0,0,0,0,0,0,0,0,1,2013,5,43.8,7.8,3.7,0,0,-0.890625019820559
"194",1,0,0,0,0,0,0,0,0,0,0,0,0,0,0,0,1,0,0,2013,6,44.3,9.9,5.9,0,0,-0.0296933297399436
"195",1,0,0,0,0,0,0,0,0,0,0,0,1,0,0,0,0,0,0,2013,7,40.5,9.4,4.5,0,0,1.29968648582571
"196",1,0,0,0,0,0,0,0,0,0,0,0,0,0,1,0,0,0,0,2013,2,44.6,3.9,3.5,0.57,0,-1.04255414159949
"197",1,0,0,0,0,0,0,0,0,0,0,0,0,0,0,1,0,0,0,2013,1,45.3,4.2,2.9,0.02,1,-2.33395167672041
"198",1,0,0,0,0,0,0,0,0,0,0,0,0,1,0,0,0,0,0,2013,3,52.5,5.9,3.9,0,1,-0.19428321166712
"199",1,0,0,0,0,0,0,0,0,0,0,0,0,0,0,0,0,1,0,2013,4,37.9,9.7,5.7,0.09,0,-0.523462975521473
"200",1,0,0,0,0,0,0,0,0,0,0,0,0,0,0,0,0,0,1,2013,5,34.2,5.4,4.6,0.63,0,0.261504153669676
"201",1,0,0,0,0,0,0,0,0,0,0,0,0,0,0,0,1,0,0,2013,6,39.2,9.7,4.9,0.09,0,-0.839981979227582
"202",1,0,0,0,0,0,0,0,0,0,0,0,1,0,0,0,0,0,0,2013,7,30.2,10,5.7,0,0,0.0462712311495225
"203",1,0,0,0,0,0,0,0,0,0,0,0,0,0,1,0,0,0,0,2013,2,37.3,10,7.8,0,0,-0.928607300265292
"204",1,0,0,0,0,0,0,0,0,0,0,0,0,0,0,1,0,0,0,2013,1,45.3,10,9.7,0,0,-2.08073647375553
"205",1,0,0,0,0,0,0,0,0,0,0,0,0,1,0,0,0,0,0,2013,3,29.8,10,5.1,0,0,-2.56184535938881
"206",1,0,0,0,0,0,0,0,0,0,0,0,0,0,0,0,0,1,0,2013,4,22.4,9.9,8.4,0,0,-0.168961691370631
"207",1,0,0,0,0,0,0,0,0,0,0,0,0,0,0,0,0,0,1,2013,5,14.4,10,7.7,0,0,-0.156300931222387
"208",1,0,0,0,0,0,0,0,0,0,0,0,0,0,0,0,1,0,0,2013,6,16.8,10,6.7,0,0,-0.042354089888188
"209",1,0,0,0,0,0,0,0,0,0,0,0,1,0,0,0,0,0,0,2013,7,17.1,9.3,6.1,0,0,1.47693712790113
"210",1,0,0,0,0,0,0,0,0,0,0,0,0,0,1,0,0,0,0,2013,2,19.9,9,5.7,0.07,0,0.00828895070478942
"211",1,0,0,0,0,0,0,0,0,0,0,0,0,0,0,1,0,0,0,2013,1,24.5,10,5.6,0,0,-1.62494910841873
"212",1,0,0,0,0,0,0,0,0,0,0,0,0,1,0,0,0,0,0,2013,3,31.8,6.9,3.5,0,0,-0.637409816855672
"213",1,0,0,0,0,0,0,0,0,0,0,0,0,0,0,0,0,1,0,2013,4,40.3,5.3,4.3,0.22,0,-0.19428321166712
"214",1,0,0,0,0,0,0,0,0,0,0,0,0,0,0,0,0,0,1,2013,5,45.7,3.5,3.6,0.06,1,-0.764017418338116
"215",1,0,0,0,0,0,0,0,0,0,0,0,0,0,0,0,1,0,0,2013,6,49.1,7.9,9.1,0.93,1,0.438754795745097
"216",0,1,0,0,0,0,0,0,0,0,0,0,1,0,0,0,0,0,0,2013,7,29.3,10,8.4,0.01,0,0.210861113076699
"217",0,1,0,0,0,0,0,0,0,0,0,0,0,0,1,0,0,0,0,2013,2,24.1,10,6.3,0,0,-0.295569292853075
"218",0,1,0,0,0,0,0,0,0,0,0,0,0,0,0,1,0,0,0,2013,1,26.5,7.6,2.6,0.03,0,-1.42237694604682
"219",0,1,0,0,0,0,0,0,0,0,0,0,0,1,0,0,0,0,0,2013,3,26.8,9.8,6.2,0.02,0,-0.0550148500364323
"220",0,1,0,0,0,0,0,0,0,0,0,0,0,0,0,0,0,1,0,2013,4,29.1,6.5,4.7,0.01,0,0.109575031890744
"221",0,1,0,0,0,0,0,0,0,0,0,0,0,0,0,0,0,0,1,2013,5,33.3,6.5,3.6,0.01,0,0.109575031890744
"222",0,1,0,0,0,0,0,0,0,0,0,0,0,0,0,0,1,0,0,2013,6,29.3,10,5,0,0,-0.39685537403903
"223",0,1,0,0,0,0,0,0,0,0,0,0,1,0,0,0,0,0,0,2013,7,32.3,5.8,10.2,0.01,1,1.84409917220022
"224",0,1,0,0,0,0,0,0,0,0,0,0,0,0,1,0,0,0,0,2013,2,28.8,3.4,8,1.52,1,-1.95412887227308
"225",0,1,0,0,0,0,0,0,0,0,0,0,0,0,0,1,0,0,0,2013,1,25.2,10,3.4,0.38,0,-1.99211115271782
"226",0,1,0,0,0,0,0,0,0,0,0,0,0,1,0,0,0,0,0,2013,3,38.5,5.6,3.2,0.09,1,-1.04255414159949
"227",0,1,0,0,0,0,0,0,0,0,0,0,0,0,0,0,0,1,0,2013,4,41.9,8.8,7.2,0.4,0,-0.751356658189871
"228",0,1,0,0,0,0,0,0,0,0,0,0,0,0,0,0,0,0,1,2013,5,38.2,9.9,3,0,0,0.160218072483722
"229",0,1,0,0,0,0,0,0,0,0,0,0,0,0,0,0,1,0,0,2013,6,38.2,8.9,3.8,0.03,0,0.932524441526627
"230",0,1,0,0,0,0,0,0,0,0,0,0,1,0,0,0,0,0,0,2013,7,43,7.8,4.9,0,0,0.590683917524029
"231",0,1,0,0,0,0,0,0,0,0,0,0,0,0,1,0,0,0,0,2013,2,37.9,9.6,5.6,0.02,0,-1.37173390545384
"232",0,1,0,0,0,0,0,0,0,0,0,0,0,0,0,1,0,0,0,2013,1,29,10,9.6,0,0,-1.39705542575033
"233",0,1,0,0,0,0,0,0,0,0,0,0,0,1,0,0,0,0,0,2013,3,23.4,10,8.2,0,0,-2.01743267301431
"234",0,1,0,0,0,0,0,0,0,0,0,0,0,0,0,0,0,1,0,2013,4,39.2,9.3,5.8,0,0,-1.017232621303
"235",0,1,0,0,0,0,0,0,0,0,0,0,0,0,0,0,0,0,1,2013,5,33.8,10,9.9,0.15,0,-0.599427536410939
"236",0,1,0,0,0,0,0,0,0,0,0,0,0,0,0,0,1,0,0,2013,6,28,10,9.2,0,0,-0.751356658189871
"237",0,1,0,0,0,0,0,0,0,0,0,0,1,0,0,0,0,0,0,2013,7,30,10,6.4,0,0,-0.333551573297808
"238",0,1,0,0,0,0,0,0,0,0,0,0,0,0,1,0,0,0,0,2013,2,38,5.3,6.3,0,0,-0.460159174780251
"239",0,1,0,0,0,0,0,0,0,0,0,0,0,0,0,1,0,0,0,2013,1,39.3,8.1,7.1,0.27,0,-1.66293138886346
"240",0,1,0,0,0,0,0,0,0,0,0,0,0,1,0,0,0,0,0,2013,3,37.5,10,5,0.01,0,-0.852642739375826
"241",0,1,0,0,0,0,0,0,0,0,0,0,0,0,0,0,0,1,0,2013,4,39.9,9.4,5,0,0,-0.257587012408342
"242",0,1,0,0,0,0,0,0,0,0,0,0,0,0,0,0,0,0,1,2013,5,40.2,4.2,10.7,1.26,0,-0.0929971304811653
"243",0,1,0,0,0,0,0,0,0,0,0,0,0,0,0,0,1,0,0,2013,6,45.2,9.8,3.9,0.44,0,-0.510802215373229
"244",0,0,1,0,0,0,0,0,0,0,0,0,1,0,0,0,0,0,0,2013,7,40,10,4.9,0,0,0.578023157375785
"245",0,0,1,0,0,0,0,0,0,0,0,0,0,0,1,0,0,0,0,2013,2,36.7,10,5.9,0,0,-1.05521490174774
"246",0,0,1,0,0,0,0,0,0,0,0,0,0,0,0,1,0,0,0,2013,1,32.6,9,6.6,0,0,-0.700713617596894
"247",0,0,1,0,0,0,0,0,0,0,0,0,0,1,0,0,0,0,0,2013,3,32.8,10,8.6,0,0,0.502058596486319
"248",0,0,1,0,0,0,0,0,0,0,0,0,0,0,0,0,0,1,0,2013,4,37.9,10,7.2,0,0,-0.384194613890785
"249",0,0,1,0,0,0,0,0,0,0,0,0,0,0,0,0,0,0,1,2013,5,40.1,10,10.9,0,0,-1.04255414159949
"250",0,0,1,0,0,0,0,0,0,0,0,0,0,0,0,0,1,0,0,2013,6,36.7,8,10.6,0,0,-0.282908532704831
"251",0,0,1,0,0,0,0,0,0,0,0,0,0,0,1,0,0,0,0,2013,2,43.7,10,5.9,0.4,0,0.147557312335477
"252",0,0,1,0,0,0,0,0,0,0,0,0,0,0,0,1,0,0,0,2013,1,41.8,10,4.1,0,0,-1.80219975049415
"253",0,0,1,0,0,0,0,0,0,0,0,0,0,1,0,0,0,0,0,2013,3,44.7,9.5,5.5,0,0,-0.447498414632007
"254",0,0,1,0,0,0,0,0,0,0,0,0,0,0,0,0,0,1,0,2013,4,50.3,6.9,6.6,0.08,0,-0.130979410925898
"255",0,0,1,0,0,0,0,0,0,0,0,0,0,0,0,0,0,0,1,2013,5,45,10,5.8,0.71,0,0.995828242267848
"256",0,0,1,0,0,0,0,0,0,0,0,0,0,0,0,0,1,0,0,2013,6,35.6,10,9.2,0,0,-0.00437180944345492
"257",0,0,1,0,0,0,0,0,0,0,0,0,1,0,0,0,0,0,0,2013,7,36.1,10,7.3,0,0,0.628666197968762
"258",0,0,1,0,0,0,0,0,0,0,0,0,0,0,1,0,0,0,0,2013,2,37.3,7.8,4.7,0,1,-0.460159174780251
"259",0,0,1,0,0,0,0,0,0,0,0,0,0,0,0,1,0,0,0,2013,1,33,9.8,4.6,0.12,0,-1.66293138886346
"260",0,0,1,0,0,0,0,0,0,0,0,0,0,1,0,0,0,0,0,2013,3,32.1,8.6,7.5,0,1,0.831238360340672
"261",0,0,1,0,0,0,0,0,0,0,0,0,0,0,0,0,0,1,0,2013,4,36,6.5,8.8,0.81,0,0.0209497108530338
"262",0,0,1,0,0,0,0,0,0,0,0,0,0,0,0,0,0,0,1,2013,5,38.5,10,7.2,0.2,0,-0.219604731963609
"263",0,0,1,0,0,0,0,0,0,0,0,0,0,0,0,0,1,0,0,2013,6,35.7,9.8,4.8,0,0,-0.624749056707428
"264",0,0,1,0,0,0,0,0,0,0,0,0,1,0,0,0,0,0,0,2013,7,34,10,7.5,0,0,0.590683917524029
"265",0,0,1,0,0,0,0,0,0,0,0,0,0,0,1,0,0,0,0,2013,2,38.4,10,8.3,0,0,-0.877964259672315
"266",0,0,1,0,0,0,0,0,0,0,0,0,0,0,0,1,0,0,0,2013,1,39.1,10,5.7,0,0,-1.34641238515736
"267",0,0,1,0,0,0,0,0,0,0,0,0,0,1,0,0,0,0,0,2013,3,38.3,8.9,6.5,0,0,-0.751356658189871
"268",0,0,1,0,0,0,0,0,0,0,0,0,0,0,0,0,0,1,0,2013,4,42.2,9.7,4.5,0.17,0,-1.67559214901171
"269",0,0,1,0,0,0,0,0,0,0,0,0,0,0,0,0,0,0,1,2013,5,43.8,10,4.8,0,0,-1.4730199866398
"270",0,0,1,0,0,0,0,0,0,0,0,0,0,0,0,0,1,0,0,2013,6,43.3,10,4.7,0,0,-0.10565789062941
"271",0,0,1,0,0,0,0,0,0,0,0,0,1,0,0,0,0,0,0,2013,7,46.7,10,5.7,0,0,-0.472819934928496
"272",0,0,1,0,0,0,0,0,0,0,0,0,0,0,1,0,0,0,0,2013,2,48,10,3.8,0,0,-0.561445255966206
"273",0,0,1,0,0,0,0,0,0,0,0,0,0,0,0,1,0,0,0,2013,1,49.3,9.7,4.6,0,0,-1.66293138886346
"274",0,0,0,1,0,0,0,0,0,0,0,0,0,1,0,0,0,0,0,2013,3,49.3,6.8,5.7,0.08,0,-0.991911101006514
"275",0,0,0,1,0,0,0,0,0,0,0,0,0,0,0,0,0,1,0,2013,4,38,10,8.5,0,0,-1.52366302723278
"276",0,0,0,1,0,0,0,0,0,0,0,0,0,0,0,0,0,0,1,2013,5,38.4,10,8.9,0,0,-0.320890813149564
"277",0,0,0,1,0,0,0,0,0,0,0,0,0,0,0,0,1,0,0,2013,6,39.9,10,6.1,0,0,0.109575031890744
"278",0,0,0,1,0,0,0,0,0,0,0,0,1,0,0,0,0,0,0,2013,7,49,10,4.7,0,0,0.312147194262654
"279",0,0,0,1,0,0,0,0,0,0,0,0,0,0,1,0,0,0,0,2013,2,43.1,10,6.2,0,0,-0.333551573297808
"280",0,0,0,1,0,0,0,0,0,0,0,0,0,0,0,1,0,0,0,2013,1,46.2,10,5.8,0,0,-1.34641238515736
"281",0,0,0,1,0,0,0,0,0,0,0,0,0,1,0,0,0,0,0,2013,3,59,10,4.1,0,0,0.312147194262654
"282",0,0,0,1,0,0,0,0,0,0,0,0,0,0,0,0,0,1,0,2013,4,65.7,9.3,4.3,0,0,0.704630758858228
"283",0,0,0,1,0,0,0,0,0,0,0,0,0,0,0,0,0,0,1,2013,5,65.1,9.7,4,0,0,0.286825673966165
"284",0,0,0,1,0,0,0,0,0,0,0,0,0,0,0,0,1,0,0,2013,6,56.2,7.4,4.8,0.49,0,-0.510802215373229
"285",0,0,0,1,0,0,0,0,0,0,0,0,1,0,0,0,0,0,0,2013,7,44.2,7.5,9.9,0.01,0,1.16041812419502
"286",0,0,0,1,0,0,0,0,0,0,0,0,0,0,1,0,0,0,0,2013,2,46.5,9.7,3.9,0.63,0,-0.0296933297399436
"287",0,0,0,1,0,0,0,0,0,0,0,0,0,0,0,1,0,0,0,2013,1,52.3,10,3.5,0.01,0,-1.08053642204422
"288",0,0,0,1,0,0,0,0,0,0,0,0,0,1,0,0,0,0,0,2013,3,49.9,10,5.5,0,0,0.578023157375785
"289",0,0,0,1,0,0,0,0,0,0,0,0,0,0,0,0,0,1,0,2013,4,53.9,10,5.6,0,0,0.0842535115942555
"290",0,0,0,1,0,0,0,0,0,0,0,0,0,0,0,0,0,0,1,2013,5,62.7,9.9,5.3,0.02,0,-0.282908532704831
"291",0,0,0,1,0,0,0,0,0,0,0,0,0,0,0,0,1,0,0,2013,6,55.3,9.9,4.6,0.01,0,-0.0550148500364323
"292",0,0,0,1,0,0,0,0,0,0,0,0,1,0,0,0,0,0,0,2013,7,60.8,7.9,6.1,0,0,0.160218072483722
"293",0,0,0,1,0,0,0,0,0,0,0,0,0,0,1,0,0,0,0,2013,2,55.5,9.3,7.6,0.11,0,-0.320890813149564
"294",0,0,0,1,0,0,0,0,0,0,0,0,0,0,0,1,0,0,0,2013,1,46,10,5.5,0.06,0,-1.09319718219247
"295",0,0,0,1,0,0,0,0,0,0,0,0,0,1,0,0,0,0,0,2013,3,47.6,10,6.8,0,0,0.0969142717424998
"296",0,0,0,1,0,0,0,0,0,0,0,0,0,0,0,0,0,1,0,2013,4,45.4,9.8,8.3,0,0,-0.561445255966206
"297",0,0,0,1,0,0,0,0,0,0,0,0,0,0,0,0,0,0,1,2013,5,52.9,9.4,4.5,0,0,0.514719356634563
"298",0,0,0,1,0,0,0,0,0,0,0,0,0,0,0,0,1,0,0,2013,6,56.1,9.6,4.9,0,0,0.324807954410898
"299",0,0,0,1,0,0,0,0,0,0,0,0,1,0,0,0,0,0,0,2013,7,57.3,10,2.5,0,0,1.48959788804938
"300",0,0,0,1,0,0,0,0,0,0,0,0,0,0,1,0,0,0,0,2013,2,57.8,10,4.4,0,0,-0.510802215373229
"301",0,0,0,1,0,0,0,0,0,0,0,0,0,0,0,1,0,0,0,2013,1,58.9,10,3.5,0,0,-1.48568074678804
"302",0,0,0,1,0,0,0,0,0,0,0,0,0,1,0,0,0,0,0,2013,3,55,9.6,4.3,0,0,0.514719356634563
"303",0,0,0,1,0,0,0,0,0,0,0,0,0,0,0,0,0,1,0,2013,4,57.7,10,4.8,0.04,0,0.236182633373188
"304",0,0,0,0,1,0,0,0,0,0,0,0,0,0,0,0,0,0,1,2013,5,57,10,4.5,0,0,0.236182633373188
"305",0,0,0,0,1,0,0,0,0,0,0,0,0,0,0,0,1,0,0,2013,6,58.9,10,2.3,0,0,0.350129474707387
"306",0,0,0,0,1,0,0,0,0,0,0,0,1,0,0,0,0,0,0,2013,7,56.6,10,6,0,0,1.62886624968007
"307",0,0,0,0,1,0,0,0,0,0,0,0,0,0,1,0,0,0,0,2013,2,54.7,10,4.9,0,0,0.286825673966165
"308",0,0,0,0,1,0,0,0,0,0,0,0,0,0,0,1,0,0,0,2013,1,52.1,10,5.2,0,0,-0.536123735669717
"309",0,0,0,0,1,0,0,0,0,0,0,0,0,1,0,0,0,0,0,2013,3,55.4,9.5,3.6,0,0,0.0462712311495225
"310",0,0,0,0,1,0,0,0,0,0,0,0,0,0,0,0,0,1,0,2013,4,60.9,9.9,4,0,0,0.438754795745097
"311",0,0,0,0,1,0,0,0,0,0,0,0,0,0,0,0,0,0,1,2013,5,60.3,6.3,4.5,1.28,1,0.793256079895939
"312",0,0,0,0,1,0,0,0,0,0,0,0,0,0,0,0,1,0,0,2013,6,58.9,6.4,2.9,1.76,0,0.565362397227541
"313",0,0,0,0,1,0,0,0,0,0,0,0,1,0,0,0,0,0,0,2013,7,66.9,9.2,3,0.48,0,1.780795371459
"314",0,0,0,0,1,0,0,0,0,0,0,0,0,0,1,0,0,0,0,2013,2,64.4,5.8,3.3,0.18,1,-0.434837654483763
"315",0,0,0,0,1,0,0,0,0,0,0,0,0,0,0,1,0,0,0,2013,1,62.6,9.4,5.4,0.92,0,-0.384194613890785
"316",0,0,0,0,1,0,0,0,0,0,0,0,0,1,0,0,0,0,0,2013,3,51.7,10,6.6,0,0,0.248843393521432
"317",0,0,0,0,1,0,0,0,0,0,0,0,0,0,0,0,0,1,0,2013,4,51.1,10,4.3,0,0,0.0969142717424998
"318",0,0,0,0,1,0,0,0,0,0,0,0,0,0,0,0,0,0,1,2013,5,58,9.7,3.3,0,0,-0.320890813149564
"319",0,0,0,0,1,0,0,0,0,0,0,0,0,0,0,0,1,0,0,2013,6,69.5,9.9,3.3,0,0,0.0209497108530338
"320",0,0,0,0,1,0,0,0,0,0,0,0,1,0,0,0,0,0,0,2013,7,66.4,10,3,0,0,2.3252080578335
"321",0,0,0,0,1,0,0,0,0,0,0,0,0,0,1,0,0,0,0,2013,2,61,10,2.2,0,0,-0.650070577003917
"322",0,0,0,0,1,0,0,0,0,0,0,0,0,0,0,1,0,0,0,2013,1,57.3,5,3.6,0.1,0,-0.168961691370631
"323",0,0,0,0,1,0,0,0,0,0,0,0,0,1,0,0,0,0,0,2013,3,65,4.2,2,0.51,1,1.26170420538098
"324",0,0,0,0,1,0,0,0,0,0,0,0,0,0,0,0,0,1,0,2013,4,75.9,7.6,3.6,0,0,1.76813461131075
"325",0,0,0,0,1,0,0,0,0,0,0,0,0,0,0,0,0,0,1,2013,5,71,6.1,3.7,0,0,0.160218072483722
"326",0,0,0,0,1,0,0,0,0,0,0,0,0,0,0,0,1,0,0,2013,6,71.5,6.4,3.9,0,1,2.24924349694404
"327",0,0,0,0,1,0,0,0,0,0,0,0,1,0,0,0,0,0,0,2013,7,59.6,6.3,4.5,1.91,0,1.40097256701167
"328",0,0,0,0,1,0,0,0,0,0,0,0,0,0,1,0,0,0,0,2013,2,48.1,9.1,7.5,0.29,0,-0.548784495817962
"329",0,0,0,0,1,0,0,0,0,0,0,0,0,0,0,1,0,0,0,2013,1,55.5,10,8.3,0.05,0,-1.29576934456438
"330",0,0,0,0,1,0,0,0,0,0,0,0,0,1,0,0,0,0,0,2013,3,61.7,10,3.3,0,0,-1.73889594975293
"331",0,0,0,0,1,0,0,0,0,0,0,0,0,0,0,0,0,1,0,2013,4,61.1,7.1,2.3,0,1,1.62886624968007
"332",0,0,0,0,1,0,0,0,0,0,0,0,0,0,0,0,0,0,1,2013,5,66.9,3.2,1.6,0.52,1,0.210861113076699
"333",0,0,0,0,1,0,0,0,0,0,0,0,0,0,0,0,1,0,0,2013,6,81,9,3.8,0,0,1.61620548953182
"334",0,0,0,0,1,0,0,0,0,0,0,0,1,0,0,0,0,0,0,2013,7,83,9,3.4,0,0,2.26190425709228
"335",0,0,0,0,0,1,0,0,0,0,0,0,0,0,1,0,0,0,0,2013,2,80.8,9.8,3.8,0,0,0.932524441526627
"336",0,0,0,0,0,1,0,0,0,0,0,0,0,0,0,1,0,0,0,2013,1,80.1,10,5.1,0,0,-0.890625019820559
"337",0,0,0,0,0,1,0,0,0,0,0,0,0,1,0,0,0,0,0,2013,3,72.2,6.6,3.5,1,1,1.8947422127932
"338",0,0,0,0,0,1,0,0,0,0,0,0,0,0,0,0,0,1,0,2013,4,66.1,9.5,3.9,0.72,0,0.704630758858228
"339",0,0,0,0,0,1,0,0,0,0,0,0,0,0,0,0,0,0,1,2013,5,66,10,3.7,0,0,0.527380116782808
"340",0,0,0,0,0,1,0,0,0,0,0,0,0,0,0,0,1,0,0,2013,6,63.8,8.7,3.7,0,0,0.603344677672274
"341",0,0,0,0,0,1,0,0,0,0,0,0,1,0,0,0,0,0,0,2013,7,61.5,4.2,7.2,0.95,1,2.95824606524572
"342",0,0,0,0,0,1,0,0,0,0,0,0,0,0,1,0,0,0,0,2013,2,64.9,7.2,5.9,3.82,0,0.172878832631966
"343",0,0,0,0,0,1,0,0,0,0,0,0,0,0,0,1,0,0,0,2013,1,71.7,10,1.7,0.48,0,-0.308230053001319
"344",0,0,0,0,0,1,0,0,0,0,0,0,0,1,0,0,0,0,0,2013,3,67.7,5.1,4.2,0,1,0.843899120488916
"345",0,0,0,0,0,1,0,0,0,0,0,0,0,0,0,0,0,1,0,2013,4,69.6,5.6,4.9,1.47,0,0.983167482119604
"346",0,0,0,0,0,1,0,0,0,0,0,0,0,0,0,0,0,0,1,2013,5,70.9,9.8,6.1,0.09,0,0.729952279154717
"347",0,0,0,0,0,1,0,0,0,0,0,0,0,0,0,0,1,0,0,2013,6,65.7,8.1,3.6,0,1,-0.295569292853075
"348",0,0,0,0,0,1,0,0,0,0,0,0,1,0,0,0,0,0,0,2013,7,59.9,7.7,6.5,1.58,0,1.71749157071778
"349",0,0,0,0,0,1,0,0,0,0,0,0,0,0,1,0,0,0,0,2013,2,69.4,10,3.5,0.06,0,0.489397836338075
"350",0,0,0,0,0,1,0,0,0,0,0,0,0,0,0,1,0,0,0,2013,1,72.8,9.8,2.5,0,0,-1.017232621303
"351",0,0,0,0,0,1,0,0,0,0,0,0,0,1,0,0,0,0,0,2013,3,75.3,9.1,3.7,0,0,0.717291519006473
"352",0,0,0,0,0,1,0,0,0,0,0,0,0,0,0,0,0,1,0,2013,4,72.8,7.3,1.9,0.01,0,0.704630758858228
"353",0,0,0,0,0,1,0,0,0,0,0,0,0,0,0,0,0,0,1,2013,5,67.4,8.7,5,0.2,0,0.818577600192428
"354",0,0,0,0,0,1,0,0,0,0,0,0,0,0,0,0,1,0,0,2013,6,69.6,10,3.2,0,0,1.56556244893884
"355",0,0,0,0,0,1,0,0,0,0,0,0,1,0,0,0,0,0,0,2013,7,71.6,10,3.9,0,0,1.67950929027304
"356",0,0,0,0,0,1,0,0,0,0,0,0,0,0,1,0,0,0,0,2013,2,72.4,10,4.1,0,0,0.527380116782808
"357",0,0,0,0,0,1,0,0,0,0,0,0,0,0,0,1,0,0,0,2013,1,76.1,9.9,3.8,0,0,-0.662731337152161
"358",0,0,0,0,0,1,0,0,0,0,0,0,0,1,0,0,0,0,0,2013,3,80.6,9,4,0,0,1.5529016887906
"359",0,0,0,0,0,1,0,0,0,0,0,0,0,0,0,0,0,1,0,2013,4,80.9,8.4,2.9,0,0,1.14775736404678
"360",0,0,0,0,0,1,0,0,0,0,0,0,0,0,0,0,0,0,1,2013,5,79.4,9.2,3.7,0,0,0.805916840044183
"361",0,0,0,0,0,1,0,0,0,0,0,0,0,0,0,0,1,0,0,2013,6,78.1,7.9,2.9,0.05,0,0.514719356634563
"362",0,0,0,0,0,1,0,0,0,0,0,0,1,0,0,0,0,0,0,2013,7,77.1,8.1,4.6,0.24,0,0.641326958117007
"363",0,0,0,0,0,1,0,0,0,0,0,0,0,0,1,0,0,0,0,2013,2,76.2,8.7,3.5,0,0,0.426094035596853
"364",0,0,0,0,0,1,0,0,0,0,0,0,0,0,0,1,0,0,0,2013,1,77.5,7.5,3,0,0,-1.7009136693082
"365",0,0,0,0,0,0,1,0,0,0,0,0,0,1,0,0,0,0,0,2013,3,74.2,6.6,2.7,0,1,0.957845961823115
"366",0,0,0,0,0,0,1,0,0,0,0,0,0,0,0,0,0,1,0,2013,4,75.6,7.9,2.2,0.84,0,0.552701637079296
"367",0,0,0,0,0,0,1,0,0,0,0,0,0,0,0,0,0,0,1,2013,5,76,8.5,4.2,0.08,1,0.983167482119604
"368",0,0,0,0,0,0,1,0,0,0,0,0,0,0,0,0,1,0,0,2013,6,79.5,8.4,3.1,0.53,0,-1.51100226708453
"369",0,0,0,0,0,0,1,0,0,0,0,0,1,0,0,0,0,0,0,2013,7,82.3,9.4,4.7,0,0,0.236182633373188
"370",0,0,0,0,0,0,1,0,0,0,0,0,0,0,1,0,0,0,0,2013,2,84.6,9.8,3.9,0,0,-0.523462975521473
"371",0,0,0,0,0,0,1,0,0,0,0,0,0,0,0,1,0,0,0,2013,1,85.6,10,3.6,0,0,-1.04255414159949
"372",0,0,0,0,0,0,1,0,0,0,0,0,0,1,0,0,0,0,0,2013,3,81.3,9.5,3.8,0,0,0.755273799451206
"373",0,0,0,0,0,0,1,0,0,0,0,0,0,0,0,0,0,1,0,2013,4,78.8,6.9,4.1,0.22,1,0.324807954410898
"374",0,0,0,0,0,0,1,0,0,0,0,0,0,0,0,0,0,0,1,2013,5,79.4,6.7,2.9,0.23,0,0.717291519006473
"375",0,0,0,0,0,0,1,0,0,0,0,0,0,0,0,0,1,0,0,2013,6,80.6,9,3.3,0,0,-0.0929971304811653
"376",0,0,0,0,0,0,1,0,0,0,0,0,1,0,0,0,0,0,0,2013,7,75,8.9,7.3,0,0,0.527380116782808
"377",0,0,0,0,0,0,1,0,0,0,0,0,0,0,1,0,0,0,0,2013,2,72.2,4.4,6.2,0.28,0,0.223521873224943
"378",0,0,0,0,0,0,1,0,0,0,0,0,0,0,0,1,0,0,0,2013,1,80.3,7.7,2.9,0.03,0,-1.09319718219247
"379",0,0,0,0,0,0,1,0,0,0,0,0,0,1,0,0,0,0,0,2013,3,85.3,9.6,3.4,0,0,0.299486434114409
"380",0,0,0,0,0,0,1,0,0,0,0,0,0,0,0,0,0,1,0,2013,4,85.9,9.3,3.9,0,0,0.312147194262654
"381",0,0,0,0,0,0,1,0,0,0,0,0,0,0,0,0,0,0,1,2013,5,86.7,8.6,2.7,0,0,0.653987718265251
"382",0,0,0,0,0,0,1,0,0,0,0,0,0,0,0,0,1,0,0,2013,6,88.2,8.2,3.6,0,0,0.995828242267848
"383",0,0,0,0,0,0,1,0,0,0,0,0,1,0,0,0,0,0,0,2013,7,89.1,6.7,3.6,0,0,1.76813461131075
"384",0,0,0,0,0,0,1,0,0,0,0,0,0,0,1,0,0,0,0,2013,2,86.7,6.5,5.6,0,0,-0.080336370332921
"385",0,0,0,0,0,0,1,0,0,0,0,0,0,0,0,1,0,0,0,2013,1,82.3,9.8,3.9,0,0,-1.39705542575033
"386",0,0,0,0,0,0,1,0,0,0,0,0,0,1,0,0,0,0,0,2013,3,78.2,6.6,4.4,0,0,0.426094035596853
"387",0,0,0,0,0,0,1,0,0,0,0,0,0,0,0,0,0,1,0,2013,4,78.7,7.3,3.5,0.37,0,0.172878832631966
"388",0,0,0,0,0,0,1,0,0,0,0,0,0,0,0,0,0,0,1,2013,5,78.5,10,3.6,0.31,0,0.172878832631966
"389",0,0,0,0,0,0,1,0,0,0,0,0,0,0,0,0,1,0,0,2013,6,67.3,10,7.4,0,0,-0.637409816855672
"390",0,0,0,0,0,0,1,0,0,0,0,0,1,0,0,0,0,0,0,2013,7,72.2,10,5.3,0.01,0,0.755273799451206
"391",0,0,0,0,0,0,1,0,0,0,0,0,0,0,1,0,0,0,0,2013,2,75.2,9.8,3.6,0,0,-0.523462975521473
"392",0,0,0,0,0,0,1,0,0,0,0,0,0,0,0,1,0,0,0,2013,1,73.3,9.3,1.4,0,0,-0.915946540117048
"393",0,0,0,0,0,0,1,0,0,0,0,0,0,1,0,0,0,0,0,2013,3,75.1,7.9,2.9,0.25,0,0.502058596486319
"394",0,0,0,0,0,0,1,0,0,0,0,0,0,0,0,0,0,1,0,2013,4,74.4,10,3.8,0.01,0,0.337468714559142
"395",0,0,0,0,0,0,1,0,0,0,0,0,0,0,0,0,0,0,1,2013,5,74.1,10,2.2,0,0,-0.0550148500364323
"396",0,0,0,0,0,0,0,1,0,0,0,0,0,0,0,0,1,0,0,2013,6,71.5,6.9,2.3,0,0,1.08445356330556
"397",0,0,0,0,0,0,0,1,0,0,0,0,1,0,0,0,0,0,0,2013,7,73.6,6.9,3.7,0.65,1,0.869220640785405
"398",0,0,0,0,0,0,0,1,0,0,0,0,0,0,1,0,0,0,0,2013,2,73.4,9.3,3.4,0.01,0,-0.827321219079337
"399",0,0,0,0,0,0,0,1,0,0,0,0,0,0,0,1,0,0,0,2013,1,73.2,10,3.9,0.05,0,-1.30843010471262
"400",0,0,0,0,0,0,0,1,0,0,0,0,0,1,0,0,0,0,0,2013,3,70.2,10,3.7,0,0,-0.156300931222387
"401",0,0,0,0,0,0,0,1,0,0,0,0,0,0,0,0,0,1,0,2013,4,72.1,10,1.7,0,0,-0.181622451518876
"402",0,0,0,0,0,0,0,1,0,0,0,0,0,0,0,0,0,0,1,2013,5,73.4,10,4.6,0,0,-0.624749056707428
"403",0,0,0,0,0,0,0,1,0,0,0,0,0,0,0,0,1,0,0,2013,6,73.8,7.2,3.7,0.18,1,-0.10565789062941
"404",0,0,0,0,0,0,0,1,0,0,0,0,1,0,0,0,0,0,0,2013,7,77,7.4,3.3,0.32,0,0.274164913817921
"405",0,0,0,0,0,0,0,1,0,0,0,0,0,0,1,0,0,0,0,2013,2,77.2,9.8,4.4,0.01,0,-0.789338938634604
"406",0,0,0,0,0,0,0,1,0,0,0,0,0,0,0,1,0,0,0,2013,1,73.5,10,2.3,0,0,-0.966589580710025
"407",0,0,0,0,0,0,0,1,0,0,0,0,0,1,0,0,0,0,0,2013,3,74.5,9.5,2,0.05,0,-0.48548069507674
"408",0,0,0,0,0,0,0,1,0,0,0,0,0,0,0,0,0,1,0,2013,4,73.2,6,1.7,0.01,0,-0.0676756101846766
"409",0,0,0,0,0,0,0,1,0,0,0,0,0,0,0,0,0,0,1,2013,5,68.3,9.6,5.3,0.84,0,0.818577600192428
"410",0,0,0,0,0,0,0,1,0,0,0,0,0,0,0,0,1,0,0,2013,6,68.6,10,3.3,0,0,0.527380116782808
"411",0,0,0,0,0,0,0,1,0,0,0,0,1,0,0,0,0,0,0,2013,7,70.9,10,1.7,0,0,1.52758016849411
"412",0,0,0,0,0,0,0,1,0,0,0,0,0,0,1,0,0,0,0,2013,2,72.6,10,1.6,0,0,-0.675392097300405
"413",0,0,0,0,0,0,0,1,0,0,0,0,0,0,0,1,0,0,0,2013,1,72.1,9.8,2.5,0,0,-1.46035922649155
"414",0,0,0,0,0,0,0,1,0,0,0,0,0,1,0,0,0,0,0,2013,3,72.1,9.8,2.4,0,0,-1.20714402352667
"415",0,0,0,0,0,0,0,1,0,0,0,0,0,0,0,0,0,1,0,2013,4,76.6,9.7,3.3,0,0,-0.19428321166712
"416",0,0,0,0,0,0,0,1,0,0,0,0,0,0,0,0,0,0,1,2013,5,80.1,9.8,1.9,0,0,0.0589319912977668
"417",0,0,0,0,0,0,0,1,0,0,0,0,0,0,0,0,1,0,0,2013,6,75.6,7.5,2.9,0,0,0.261504153669676
"418",0,0,0,0,0,0,0,1,0,0,0,0,1,0,0,0,0,0,0,2013,7,75.5,8.7,4.6,0.25,0,0.995828242267848
"419",0,0,0,0,0,0,0,1,0,0,0,0,0,0,1,0,0,0,0,2013,2,72,10,5.3,0,0,-0.384194613890785
"420",0,0,0,0,0,0,0,1,0,0,0,0,0,0,0,1,0,0,0,2013,1,72.8,10,2.4,0,0,-1.2451263039714
"421",0,0,0,0,0,0,0,1,0,0,0,0,0,1,0,0,0,0,0,2013,3,74.5,10,4.9,0,0,-0.460159174780251
"422",0,0,0,0,0,0,0,1,0,0,0,0,0,0,0,0,0,1,0,2013,4,77.8,9.3,4.9,0.05,0,-0.650070577003917
"423",0,0,0,0,0,0,0,1,0,0,0,0,0,0,0,0,0,0,1,2013,5,76.4,7.1,1.8,0.01,1,-0.953928820561781
"424",0,0,0,0,0,0,0,1,0,0,0,0,0,0,0,0,1,0,0,2013,6,73.8,6.3,4,0.43,0,0.18553959278021
"425",0,0,0,0,0,0,0,1,0,0,0,0,1,0,0,0,0,0,0,2013,7,75.1,9.2,3.6,0,0,0.527380116782808
"426",0,0,0,0,0,0,0,1,0,0,0,0,0,0,1,0,0,0,0,2013,2,78.3,8,4.4,0,0,-0.97925034085827
"427",0,0,0,0,0,0,0,0,1,0,0,0,0,0,0,1,0,0,0,2013,1,78.9,9.3,2.7,0,0,-0.97925034085827
"428",0,0,0,0,0,0,0,0,1,0,0,0,0,1,0,0,0,0,0,2013,3,76.9,6.3,0.9,0,0,-1.59962758812224
"429",0,0,0,0,0,0,0,0,1,0,0,0,0,0,0,0,0,1,0,2013,4,75.7,7.9,2.7,0.08,0,-0.080336370332921
"430",0,0,0,0,0,0,0,0,1,0,0,0,0,0,0,0,0,0,1,2013,5,72.7,10,4.4,0.03,0,0.590683917524029
"431",0,0,0,0,0,0,0,0,1,0,0,0,0,0,0,0,1,0,0,2013,6,73,10,4.3,0,0,-0.814660458931093
"432",0,0,0,0,0,0,0,0,1,0,0,0,1,0,0,0,0,0,0,2013,7,64.7,10,4.2,0,0,-0.422176894335518
"433",0,0,0,0,0,0,0,0,1,0,0,0,0,0,1,0,0,0,0,2013,2,67.8,10,2.9,0,0,0.350129474707387
"434",0,0,0,0,0,0,0,0,1,0,0,0,0,0,0,1,0,0,0,2013,1,73.7,10,4.5,0,0,-0.726035137893383
"435",0,0,0,0,0,0,0,0,1,0,0,0,0,1,0,0,0,0,0,2013,3,65.3,10,4.9,0,0,0.945185201674871
"436",0,0,0,0,0,0,0,0,1,0,0,0,0,0,0,0,0,1,0,2013,4,74.9,8.9,4.1,0.01,0,0.907202921230138
"437",0,0,0,0,0,0,0,0,1,0,0,0,0,0,0,0,0,0,1,2013,5,84.4,6.3,3.9,0,0,0.236182633373188
"438",0,0,0,0,0,0,0,0,1,0,0,0,0,0,0,0,1,0,0,2013,6,80,6.1,4.6,0,1,1.74281309101426
"439",0,0,0,0,0,0,0,0,1,0,0,0,1,0,0,0,0,0,0,2013,7,70.1,8,4.1,1.66,0,1.19840040463976
"440",0,0,0,0,0,0,0,0,1,0,0,0,0,0,1,0,0,0,0,2013,2,60.3,10,4.7,0.06,0,-0.48548069507674
"441",0,0,0,0,0,0,0,0,1,0,0,0,0,0,0,1,0,0,0,2013,1,60.4,10,2.9,0,0,-1.02989338145125
"442",0,0,0,0,0,0,0,0,1,0,0,0,0,1,0,0,0,0,0,2013,3,65.2,9.9,3.2,0.01,0,0.160218072483722
"443",0,0,0,0,0,0,0,0,1,0,0,0,0,0,0,0,0,1,0,2013,4,57.8,10,5.4,0.02,0,0.881881400933649
"444",0,0,0,0,0,0,0,0,1,0,0,0,0,0,0,0,0,0,1,2013,5,60,10,1.4,0,0,0.172878832631966
"445",0,0,0,0,0,0,0,0,1,0,0,0,0,0,0,0,1,0,0,2013,6,64.3,10,2.9,0,0,-0.270247772556586
"446",0,0,0,0,0,0,0,0,1,0,0,0,1,0,0,0,0,0,0,2013,7,67.6,9.6,2.1,0,0,0.932524441526627
"447",0,0,0,0,0,0,0,0,1,0,0,0,0,0,1,0,0,0,0,2013,2,67.7,10,3.6,0,0,-0.143640171074143
"448",0,0,0,0,0,0,0,0,1,0,0,0,0,0,0,1,0,0,0,2013,1,65.3,8.8,4.6,1.17,1,0.350129474707387
"449",0,0,0,0,0,0,0,0,1,0,0,0,0,1,0,0,0,0,0,2013,3,57.5,10,3.7,0.45,0,1.31234724597396
"450",0,0,0,0,0,0,0,0,1,0,0,0,0,0,0,0,0,1,0,2013,4,58.4,10,3.8,0,0,0.729952279154717
"451",0,0,0,0,0,0,0,0,1,0,0,0,0,0,0,0,0,0,1,2013,5,62.5,10,2,0,0,-0.232265492111853
"452",0,0,0,0,0,0,0,0,1,0,0,0,0,0,0,0,1,0,0,2013,6,63,10,3.1,0,0,-0.523462975521473
"453",0,0,0,0,0,0,0,0,1,0,0,0,1,0,0,0,0,0,0,2013,7,61.8,10,3.3,0,0,-0.0550148500364323
"454",0,0,0,0,0,0,0,0,1,0,0,0,0,0,1,0,0,0,0,2013,2,64.1,10,4.4,0,0,-0.130979410925898
"455",0,0,0,0,0,0,0,0,1,0,0,0,0,0,0,1,0,0,0,2013,1,63.7,10,2.4,0,0,-0.650070577003917
"456",0,0,0,0,0,0,0,0,1,0,0,0,0,1,0,0,0,0,0,2013,3,63.1,9.8,2.1,0,0,0.603344677672274
"457",0,0,0,0,0,0,0,0,0,0,0,1,0,0,0,0,0,1,0,2013,4,68.2,10,2.3,0,0,0.742613039302962
"458",0,0,0,0,0,0,0,0,0,0,0,1,0,0,0,0,0,0,1,2013,5,72.7,10,3.6,0,0,1.13509660389854
"459",0,0,0,0,0,0,0,0,0,0,0,1,0,0,0,0,1,0,0,2013,6,71.7,9.9,0.9,0,0,0.413433275448609
"460",0,0,0,0,0,0,0,0,0,0,0,1,1,0,0,0,0,0,0,2013,7,73.5,8.5,2,0,0,1.27436496552922
"461",0,0,0,0,0,0,0,0,0,0,0,1,0,0,1,0,0,0,0,2013,2,69.5,6.4,3.5,0,0,-0.764017418338116
"462",0,0,0,0,0,0,0,0,0,0,0,1,0,0,0,1,0,0,0,2013,1,67.2,4.2,4.7,0,0,-1.94146811212484
"463",0,0,0,0,0,0,0,0,0,0,0,1,0,1,0,0,0,0,0,2013,3,69.6,6.9,5.2,0,0,0.76793455959945
"464",0,0,0,0,0,0,0,0,0,0,0,1,0,0,0,0,0,1,0,2013,4,60.8,10,5,0.25,0,0.210861113076699
"465",0,0,0,0,0,0,0,0,0,0,0,1,0,0,0,0,0,0,1,2013,5,58.3,10,7.2,0,0,-0.358873093594297
"466",0,0,0,0,0,0,0,0,0,0,0,1,0,0,0,0,1,0,0,2013,6,58.4,10,7.3,0,0,0.0209497108530338
"467",0,0,0,0,0,0,0,0,0,0,0,1,1,0,0,0,0,0,0,2013,7,63.3,10,8.1,0,0,0.805916840044183
"468",0,0,0,0,0,0,0,0,0,0,0,1,0,0,1,0,0,0,0,2013,2,65.2,10,8.9,0.02,0,-0.0170325695916993
"469",0,0,0,0,0,0,0,0,0,0,0,1,0,0,0,1,0,0,0,2013,1,60.3,10,8.9,0,0,-0.700713617596894
"470",0,0,0,0,0,0,0,0,0,0,0,1,0,1,0,0,0,0,0,2013,3,58.2,10,2.8,0,0,-1.48568074678804
"471",0,0,0,0,0,0,0,0,0,0,0,1,0,0,0,0,0,1,0,2013,4,60,9.5,2.1,0,0,0.729952279154717
"472",0,0,0,0,0,0,0,0,0,0,0,1,0,0,0,0,0,0,1,2013,5,60.6,10,3.1,0,0,-0.118318650777654
"473",0,0,0,0,0,0,0,0,0,0,0,1,0,0,0,0,1,0,0,2013,6,65.3,7,1.3,0,0,0.210861113076699
"474",0,0,0,0,0,0,0,0,0,0,0,1,1,0,0,0,0,0,0,2013,7,63.5,9.6,6.4,0.02,0,1.5529016887906
"475",0,0,0,0,0,0,0,0,0,0,0,1,0,0,1,0,0,0,0,2013,2,58.3,10,2.2,0,0,-1.09319718219247
"476",0,0,0,0,0,0,0,0,0,0,0,1,0,0,0,1,0,0,0,2013,1,57.4,10,5.5,0.01,0,-0.852642739375826
"477",0,0,0,0,0,0,0,0,0,0,0,1,0,1,0,0,0,0,0,2013,3,57.4,10,3.1,0,0,0.742613039302962
"478",0,0,0,0,0,0,0,0,0,0,0,1,0,0,0,0,0,1,0,2013,4,59.5,10,3.8,0,0,-0.219604731963609
"479",0,0,0,0,0,0,0,0,0,0,0,1,0,0,0,0,0,0,1,2013,5,51.8,10,3.8,0,0,0.00828895070478942
"480",0,0,0,0,0,0,0,0,0,0,0,1,0,0,0,0,1,0,0,2013,6,47.4,10,6,0,0,0.945185201674871
"481",0,0,0,0,0,0,0,0,0,0,0,1,1,0,0,0,0,0,0,2013,7,46.3,10,4.3,0,0,1.13509660389854
"482",0,0,0,0,0,0,0,0,0,0,0,1,0,0,1,0,0,0,0,2013,2,47.9,10,5.5,0,0,0.869220640785405
"483",0,0,0,0,0,0,0,0,0,0,0,1,0,0,0,1,0,0,0,2013,1,52.1,10,4.3,0,0,-0.574106016114451
"484",0,0,0,0,0,0,0,0,0,0,0,1,0,1,0,0,0,0,0,2013,3,51.5,10,3.7,0,0,0.793256079895939
"485",0,0,0,0,0,0,0,0,0,0,0,1,0,0,0,0,0,1,0,2013,4,50.2,10,4.9,0,0,0.540040876931052
"486",0,0,0,0,0,0,0,0,0,0,0,1,0,0,0,0,0,0,1,2013,5,52.8,9.6,1.8,0,0,0.00828895070478942
"487",0,0,0,0,0,0,0,0,0,0,0,1,0,0,0,0,1,0,0,2013,6,59.7,6.2,2.3,0,0,0.729952279154717
"488",0,0,0,0,0,0,0,0,0,0,1,0,1,0,0,0,0,0,0,2013,7,66.2,9.5,4.8,0.07,0,1.93272449323793
"489",0,0,0,0,0,0,0,0,0,0,1,0,0,0,1,0,0,0,0,2013,2,61.3,10,3.2,0.12,0,-0.080336370332921
"490",0,0,0,0,0,0,0,0,0,0,1,0,0,0,0,1,0,0,0,2013,1,49.6,10,5.3,0,0,-1.80219975049415
"491",0,0,0,0,0,0,0,0,0,0,1,0,0,1,0,0,0,0,0,2013,3,39.4,10,5.7,0,0,1.27436496552922
"492",0,0,0,0,0,0,0,0,0,0,1,0,0,0,0,0,0,1,0,2013,4,46.8,10,3.8,0,0,-0.599427536410939
"493",0,0,0,0,0,0,0,0,0,0,1,0,0,0,0,0,0,0,1,2013,5,54.4,10,3,0,0,0.983167482119604
"494",0,0,0,0,0,0,0,0,0,0,1,0,0,0,0,0,1,0,0,2013,6,57.8,9.4,4.8,0,0,1.12243584375029
"495",0,0,0,0,0,0,0,0,0,0,1,0,1,0,0,0,0,0,0,2013,7,45,10,7.3,0.13,0,1.57822320908709
"496",0,0,0,0,0,0,0,0,0,0,1,0,0,0,1,0,0,0,0,2013,2,43.7,10,4.8,0,0,0.172878832631966
"497",0,0,0,0,0,0,0,0,0,0,1,0,0,0,0,1,0,0,0,2013,1,49.6,10,6,0,0,-1.05521490174774
"498",0,0,0,0,0,0,0,0,0,0,1,0,0,1,0,0,0,0,0,2013,3,48.2,10,6.5,0,0,-1.28310858441613
"499",0,0,0,0,0,0,0,0,0,0,1,0,0,0,0,0,0,1,0,2013,4,42.8,9.5,5,0.02,0,1.13509660389854
"500",0,0,0,0,0,0,0,0,0,0,1,0,0,0,0,0,0,0,1,2013,5,33.1,10,5.6,0.01,0,0.451415555893342
"501",0,0,0,0,0,0,0,0,0,0,1,0,0,0,0,0,1,0,0,2013,6,40.7,10,6.4,0,0,0.793256079895939
"502",0,0,0,0,0,0,0,0,0,0,1,0,1,0,0,0,0,0,0,2013,7,50,10,4,0,0,0.755273799451206
"503",0,0,0,0,0,0,0,0,0,0,1,0,0,0,1,0,0,0,0,2013,2,52.3,9.4,3.4,0.03,0,0.691969998709984
"504",0,0,0,0,0,0,0,0,0,0,1,0,0,0,0,1,0,0,0,2013,1,54.6,5.1,2.1,0.02,0,-0.320890813149564
"505",0,0,0,0,0,0,0,0,0,0,1,0,0,1,0,0,0,0,0,2013,3,60.4,7.9,5.8,0.25,0,0.67930923856174
"506",0,0,0,0,0,0,0,0,0,0,1,0,0,0,0,0,0,1,0,2013,4,47.1,10,8.9,0.22,0,0.540040876931052
"507",0,0,0,0,0,0,0,0,0,0,1,0,0,0,0,0,0,0,1,2013,5,37.5,10,5.8,0,0,0.628666197968762
"508",0,0,0,0,0,0,0,0,0,0,1,0,0,0,0,0,1,0,0,2013,6,42.1,10,4.2,0,0,0.894542161081894
"509",0,0,0,0,0,0,0,0,0,0,1,0,1,0,0,0,0,0,0,2013,7,52.8,8.9,5.1,0.01,0,1.83143841205198
"510",0,0,0,0,0,0,0,0,0,0,1,0,0,0,1,0,0,0,0,2013,2,46.3,9.8,7.2,0.06,0,-0.270247772556586
"511",0,0,0,0,0,0,0,0,0,0,1,0,0,0,0,1,0,0,0,2013,1,27.6,9.7,10.8,0,1,-0.801999698782849
"512",0,0,0,0,0,0,0,0,0,0,1,0,0,1,0,0,0,0,0,2013,3,27.5,10,5.6,0,0,1.93272449323793
"513",0,0,0,0,0,0,0,0,0,0,1,0,0,0,0,0,0,0,1,2013,5,48.5,5.5,7.9,2.18,0,2.33786881798175
"514",0,0,0,0,0,0,0,0,0,0,1,0,0,0,0,0,1,0,0,2013,6,33.2,10,7.9,0.31,0,-1.62494910841873
"515",0,0,0,0,0,0,0,0,0,0,1,0,1,0,0,0,0,0,0,2013,7,33.7,10,2.4,0,0,-1.52366302723278
"516",0,0,0,0,0,0,0,0,0,0,1,0,0,0,1,0,0,0,0,2013,2,31.2,10,4.9,0,0,-0.991911101006514
"517",0,0,0,0,0,0,0,0,0,1,0,0,0,0,0,1,0,0,0,2013,1,41.3,10,2.1,0,0,-1.73889594975293
"518",0,0,0,0,0,0,0,0,0,1,0,0,0,1,0,0,0,0,0,2013,3,45.1,8.2,2.2,0,0,-0.10565789062941
"519",0,0,0,0,0,0,0,0,0,1,0,0,0,0,0,0,0,1,0,2013,4,44.8,6.9,2.7,0,0,-0.0550148500364323
"520",0,0,0,0,0,0,0,0,0,1,0,0,0,0,0,0,0,0,1,2013,5,45.7,6.4,2.4,0,0,-0.472819934928496
"521",0,0,0,0,0,0,0,0,0,1,0,0,0,0,0,0,1,0,0,2013,6,52.8,5,2.6,0.01,1,0.198200352928455
"522",0,0,0,0,0,0,0,0,0,1,0,0,1,0,0,0,0,0,0,2013,7,52.4,6,4.2,0.04,0,2.5531017405019
"523",0,0,0,0,0,0,0,0,0,1,0,0,0,0,1,0,0,0,0,2013,2,38.2,7.8,6.1,0.83,0,0.122235792038989
"524",0,0,0,0,0,0,0,0,0,1,0,0,0,0,0,1,0,0,0,2013,1,31.6,9,5.2,0.14,0,-1.28310858441613
"525",0,0,0,0,0,0,0,0,0,1,0,0,0,1,0,0,0,0,0,2013,3,34.6,4.2,6.8,0.28,0,1.03381052271258
"526",0,0,0,0,0,0,0,0,0,1,0,0,0,0,0,0,0,1,0,2013,4,35.7,6.3,5.1,0.1,1,-0.232265492111853
"527",0,0,0,0,0,0,0,0,0,1,0,0,0,0,0,0,0,0,1,2013,5,30.1,10,6.8,0.23,0,0.603344677672274
"528",0,0,0,0,0,0,0,0,0,1,0,0,0,0,0,0,1,0,0,2013,6,26.8,10,6.6,0,0,1.14775736404678
"529",0,0,0,0,0,0,0,0,0,1,0,0,1,0,0,0,0,0,0,2013,7,27.8,10,5.5,0,0,1.74281309101426
"530",0,0,0,0,0,0,0,0,0,1,0,0,0,0,1,0,0,0,0,2013,2,28.2,5.7,7,0,1,1.67950929027304
"531",0,0,0,0,0,0,0,0,0,1,0,0,0,0,0,1,0,0,0,2013,1,33.1,6.2,8.1,1.45,1,-1.3590731453056
"532",0,0,0,0,0,0,0,0,0,1,0,0,0,1,0,0,0,0,0,2013,3,30.3,10,7.4,0.72,0,1.04647128286083
"533",0,0,0,0,0,0,0,0,0,1,0,0,0,0,0,0,0,1,0,2013,4,27.3,6.1,5.2,0.01,1,1.84409917220022
"534",0,0,0,0,0,0,0,0,0,1,0,0,0,0,0,0,0,0,1,2013,5,28.9,9.7,5.5,0.18,0,1.81877765190373
"535",0,0,0,0,0,0,0,0,0,1,0,0,0,0,0,0,1,0,0,2013,6,36.5,9.7,4.8,0,0,0.628666197968762
"536",0,0,0,0,0,0,0,0,0,1,0,0,1,0,0,0,0,0,0,2013,7,46.8,10,3,0,0,1.47693712790113
"537",0,0,0,0,0,0,0,0,0,1,0,0,0,0,1,0,0,0,0,2013,2,55.4,9.8,7,0.01,0,0.464076316041586
"538",0,0,0,0,0,0,0,0,0,1,0,0,0,0,0,1,0,0,0,2013,1,65.5,10,5.5,0,0,-0.662731337152161
"539",0,0,0,0,0,0,0,0,0,1,0,0,0,1,0,0,0,0,0,2013,3,59.8,7.5,3.7,0.07,0,1.8947422127932
"540",0,0,0,0,0,0,0,0,0,1,0,0,0,0,0,0,0,1,0,2013,4,38.8,10,5.8,0.44,0,-0.536123735669717
"541",0,0,0,0,0,0,0,0,0,1,0,0,0,0,0,0,1,0,0,2013,6,31.9,10,4.5,0,0,-1.63760986856698
"542",0,0,0,0,0,0,0,0,0,1,0,0,1,0,0,0,0,0,0,2013,7,35.2,10,5.2,0,0,-1.02989338145125
"543",0,0,0,0,0,0,0,0,0,1,0,0,0,0,1,0,0,0,0,2013,2,43,10,5.8,0,0,-1.04255414159949
"544",0,0,0,0,0,0,0,0,0,1,0,0,0,0,0,1,0,0,0,2013,1,45.9,7.6,5.4,0,0,-2.06807571360728
"545",0,0,0,0,0,0,0,0,0,1,0,0,0,1,0,0,0,0,0,2013,3,39.8,9.8,6.2,1.2,0,-1.02989338145125
"546",0,0,0,0,0,0,0,0,0,1,0,0,0,0,0,0,0,1,0,2013,4,26,9.9,4.4,0,0,-1.16916174308193
"547",1,0,0,0,0,0,0,0,0,0,0,0,0,0,0,0,0,0,1,2014,5,28.2,10,5.1,0,0,-1.97537400550453
"548",1,0,0,0,0,0,0,0,0,0,0,0,0,0,0,0,1,0,0,2014,6,28.5,9.2,9.8,0.02,0,0.470560051450526
"549",1,0,0,0,0,0,0,0,0,0,0,0,1,0,0,0,0,0,0,2014,7,15.6,3.8,10.1,0.58,1,-1.68761705762746
"550",1,0,0,0,0,0,0,0,0,0,0,0,0,0,1,0,0,0,0,2014,2,15.8,10,4,0.02,0,-1.74756642176852
"551",1,0,0,0,0,0,0,0,0,0,0,0,0,0,0,1,0,0,0,2014,1,30.3,6.4,3.8,0,1,-2.9225739589332
"552",1,0,0,0,0,0,0,0,0,0,0,0,0,1,0,0,0,0,0,2014,3,45.6,3.6,6.3,0.23,1,-0.548579138947413
"553",1,0,0,0,0,0,0,0,0,0,0,0,0,0,0,0,0,0,1,2014,5,12.9,10,6.3,0,0,0.626428398217269
"554",1,0,0,0,0,0,0,0,0,0,0,0,0,0,0,0,1,0,0,2014,6,25.3,10,2.8,0,0,-0.033014607334338
"555",1,0,0,0,0,0,0,0,0,0,0,0,1,0,0,0,0,0,0,2014,7,32.3,6.4,2.9,0,0,1.23791191245603
"556",1,0,0,0,0,0,0,0,0,0,0,0,0,0,1,0,0,0,0,2014,2,47.7,3.1,5.6,1.4,1,-1.1840423988426
"557",1,0,0,0,0,0,0,0,0,0,0,0,0,0,0,1,0,0,0,2014,1,47.6,9.7,7.2,0.42,0,-2.10726260661485
"558",1,0,0,0,0,0,0,0,0,0,0,0,0,1,0,0,0,0,0,2014,3,42.7,9.8,4.4,0.05,0,0.0509145024631393
"559",1,0,0,0,0,0,0,0,0,0,0,0,0,0,0,0,0,1,0,2014,4,48.3,8.5,4.7,0,0,-0.0569943529907601
"560",1,0,0,0,0,0,0,0,0,0,0,0,0,0,0,0,0,0,1,2014,5,42.6,8.8,3.3,0.38,0,0.230762594886305
"561",1,0,0,0,0,0,0,0,0,0,0,0,0,0,1,0,0,0,0,2014,2,21.8,5.3,6.2,0,0,-1.06414367056049
"562",1,0,0,0,0,0,0,0,0,0,0,0,0,0,0,1,0,0,0,2014,1,21.4,9.8,6.9,0.04,0,-1.1840423988426
"563",1,0,0,0,0,0,0,0,0,0,0,0,0,1,0,0,0,0,0,2014,3,34.8,10,5.9,0,0,-0.63250824874489
"564",1,0,0,0,0,0,0,0,0,0,0,0,0,0,0,0,0,1,0,2014,4,17.8,10,6.5,0,0,-0.716437358542367
"565",1,0,0,0,0,0,0,0,0,0,0,0,0,0,0,0,0,0,1,2014,5,17.4,8.4,5.8,0.04,0,1.02209420154823
"566",1,0,0,0,0,0,0,0,0,0,0,0,0,0,0,0,1,0,0,2014,6,21.2,10,3.1,0,0,1.11801318417392
"567",1,0,0,0,0,0,0,0,0,0,0,0,1,0,0,0,0,0,0,2014,7,30.7,10,5,0,0,-0.045004480162549
"568",0,1,0,0,0,0,0,0,0,0,0,0,0,0,1,0,0,0,0,2014,2,39.1,9.9,2.4,0,0,-0.680467740057734
"569",0,1,0,0,0,0,0,0,0,0,0,0,0,0,0,1,0,0,0,2014,1,45.1,7.8,3.1,0,0,-1.75955629459673
"570",0,1,0,0,0,0,0,0,0,0,0,0,0,0,0,0,0,1,0,2014,4,28.3,3.8,2.1,0.84,0,0.590458779732636
"571",0,1,0,0,0,0,0,0,0,0,0,0,0,0,0,0,0,0,1,2014,5,31.8,4.1,6.4,0.97,1,-1.14807278035796
"572",0,1,0,0,0,0,0,0,0,0,0,0,0,0,0,0,1,0,0,2014,6,27.3,9.5,4.9,1.43,0,0.0629043752913503
"573",0,1,0,0,0,0,0,0,0,0,0,0,1,0,0,0,0,0,0,2014,7,27.6,10,5.6,0,0,1.33383089508172
"574",0,1,0,0,0,0,0,0,0,0,0,0,0,0,1,0,0,0,0,2014,2,25.9,10,4.4,0,0,-1.67562718479925
"575",0,1,0,0,0,0,0,0,0,0,0,0,0,0,0,1,0,0,0,2014,1,25.5,9.3,3.8,0,0,-1.36389049126576
"576",0,1,0,0,0,0,0,0,0,0,0,0,0,1,0,0,0,0,0,2014,3,25.1,7.6,5.4,0.1,1,1.36980051356635
"577",0,1,0,0,0,0,0,0,0,0,0,0,0,0,0,0,0,1,0,2014,4,21.7,10,5.2,0,0,0.86622585478149
"578",0,1,0,0,0,0,0,0,0,0,0,0,0,0,0,0,0,0,1,2014,5,18.9,10,5,0,0,0.914185346094334
"579",0,1,0,0,0,0,0,0,0,0,0,0,0,0,0,0,1,0,0,2014,6,29.9,3.6,10.6,0.25,1,-1.3998601097504
"580",0,1,0,0,0,0,0,0,0,0,0,0,1,0,0,0,0,0,0,2014,7,35.5,6.3,9.3,1.83,1,2.73664601598241
"581",0,1,0,0,0,0,0,0,0,0,0,0,0,0,1,0,0,0,0,2014,2,35.6,7,6.5,0.3,1,-0.572558884603835
"582",0,1,0,0,0,0,0,0,0,0,0,0,0,0,0,1,0,0,0,2014,1,26.6,9.1,8.3,0.13,0,-1.19603227167081
"583",0,1,0,0,0,0,0,0,0,0,0,0,0,1,0,0,0,0,0,2014,3,23.7,10,5.5,0,0,-0.872305705309111
"584",0,1,0,0,0,0,0,0,0,0,0,0,0,0,0,0,0,1,0,2014,4,32,7.1,4.2,0.07,1,-0.548579138947413
"585",0,1,0,0,0,0,0,0,0,0,0,0,0,0,0,0,0,0,1,2014,5,38.4,6.8,3.9,0.09,0,-0.140923462788237
"586",0,1,0,0,0,0,0,0,0,0,0,0,0,0,0,0,1,0,0,2014,6,42.8,9.5,4.7,0.26,0,-0.0929639714753932
"587",0,1,0,0,0,0,0,0,0,0,0,0,1,0,0,0,0,0,0,2014,7,39.4,2.9,6.3,0.03,1,-0.224852572585715
"588",0,1,0,0,0,0,0,0,0,0,0,0,0,0,1,0,0,0,0,2014,2,46,10,5.8,0.09,0,0.278722086199149
"589",0,1,0,0,0,0,0,0,0,0,0,0,0,0,0,1,0,0,0,2014,1,48.6,10,4.1,0,0,-1.79552591308136
"590",0,1,0,0,0,0,0,0,0,0,0,0,0,1,0,0,0,0,0,2014,3,39.1,10,7.6,0,0,0.0629043752913503
"591",0,1,0,0,0,0,0,0,0,0,0,0,0,0,0,0,0,1,0,2014,4,28.2,10,7.3,0,0,-0.608528503088468
"592",0,1,0,0,0,0,0,0,0,0,0,0,0,0,0,0,0,0,1,2014,5,27.4,8.9,5,0,0,-0.63250824874489
"593",0,1,0,0,0,0,0,0,0,0,0,0,0,0,0,0,1,0,0,2014,6,24.6,9.7,5.7,0.03,0,0.0868841209477724
"594",0,1,0,0,0,0,0,0,0,0,0,0,1,0,0,0,0,0,0,2014,7,16.5,10,6.1,0,0,1.0940334385175
"595",0,0,1,0,0,0,0,0,0,0,0,0,0,0,1,0,0,0,0,2014,2,27.2,10,3.4,0,0,-0.800366468339844
"596",0,0,1,0,0,0,0,0,0,0,0,0,0,0,0,1,0,0,0,2014,1,36.9,9.8,3.4,0,0,-2.63481701105613
"597",0,0,1,0,0,0,0,0,0,0,0,0,0,1,0,0,0,0,0,2014,3,25.3,8.7,5.7,0.04,0,-1.48378921954787
"598",0,0,1,0,0,0,0,0,0,0,0,0,0,0,0,0,0,1,0,2014,4,20.1,10,4.4,0,0,-0.380720919352458
"599",0,0,1,0,0,0,0,0,0,0,0,0,0,0,0,0,0,0,1,2014,5,31.3,10,3.2,0,0,-0.872305705309111
"600",0,0,1,0,0,0,0,0,0,0,0,0,0,0,0,0,1,0,0,2014,6,24.5,10,8.1,0,0,-0.0689842258189711
"601",0,0,1,0,0,0,0,0,0,0,0,0,1,0,0,0,0,0,0,2014,7,30.2,10,6.8,0,0,-0.368731046524247
"602",0,0,1,0,0,0,0,0,0,0,0,0,0,0,1,0,0,0,0,2014,2,42.8,10,5.1,0,0,-0.584548757432046
"603",0,0,1,0,0,0,0,0,0,0,0,0,0,0,0,1,0,0,0,2014,1,41.4,9.6,5.6,0,0,-1.91542464136347
"604",0,0,1,0,0,0,0,0,0,0,0,0,0,1,0,0,0,0,0,2014,3,42.3,9.7,4.7,0,0,-0.608528503088468
"605",0,0,1,0,0,0,0,0,0,0,0,0,0,0,0,0,0,1,0,2014,4,53.6,9.9,4.6,0,0,-0.644498121573101
"606",0,0,1,0,0,0,0,0,0,0,0,0,0,0,0,0,0,0,1,2014,5,52.5,7.9,3.3,0,0,-0.584548757432046
"607",0,0,1,0,0,0,0,0,0,0,0,0,0,0,0,0,1,0,0,2014,6,28.7,9.1,11,0.35,0,-0.224852572585715
"608",0,0,1,0,0,0,0,0,0,0,0,0,1,0,0,0,0,0,0,2014,7,30.5,10,6.1,0,0,0.254742340542727
"609",0,0,1,0,0,0,0,0,0,0,0,0,0,0,1,0,0,0,0,2014,2,49.9,10,6.6,0,0,-0.536589266119202
"610",0,0,1,0,0,0,0,0,0,0,0,0,0,0,0,1,0,0,0,2014,1,37,10,7.3,0,0,-1.81950565873778
"611",0,0,1,0,0,0,0,0,0,0,0,0,0,1,0,0,0,0,0,2014,3,28.9,10,7.5,0,0,-0.536589266119202
"612",0,0,1,0,0,0,0,0,0,0,0,0,0,0,0,0,0,1,0,2014,4,33.9,10,5.7,0,0,-0.152913335616448
"613",0,0,1,0,0,0,0,0,0,0,0,0,0,0,0,0,0,0,1,2014,5,36.9,9.4,6.2,0,0,-0.464650029149935
"614",0,0,1,0,0,0,0,0,0,0,0,0,0,0,0,0,1,0,0,2014,6,45.6,6.6,6.6,0.92,0,0.758316999327591
"615",0,0,1,0,0,0,0,0,0,0,0,0,1,0,0,0,0,0,0,2014,7,44.1,10,8.2,0,0,0.302701831855571
"616",0,0,1,0,0,0,0,0,0,0,0,0,0,0,1,0,0,0,0,2014,2,49.9,10,5.6,0,0,-0.848325959652689
"617",0,0,1,0,0,0,0,0,0,0,0,0,0,0,0,1,0,0,0,2014,1,40.9,10,5.8,0,0,-1.63965756631462
"618",0,0,1,0,0,0,0,0,0,0,0,0,0,1,0,0,0,0,0,2014,3,28,10,6.3,0,0,-0.200872826929293
"619",0,0,1,0,0,0,0,0,0,0,0,0,0,0,0,0,0,1,0,2014,4,32.4,10,4.1,0,0,-1.0761335433887
"620",0,0,1,0,0,0,0,0,0,0,0,0,0,0,0,0,0,0,1,2014,5,33.1,10,10.4,0,0,-0.00903486167791591
"621",0,0,1,0,0,0,0,0,0,0,0,0,0,0,0,0,1,0,0,2014,6,30.5,10,6.7,0,0,-0.308781682383192
"622",0,0,1,0,0,0,0,0,0,0,0,0,1,0,0,0,0,0,0,2014,7,48,9.6,5.1,0,0,-0.40470066500888
"623",0,0,1,0,0,0,0,0,0,0,0,0,0,0,1,0,0,0,0,2014,2,50.7,7.5,6.6,0.04,0,0.0629043752913503
"624",0,0,1,0,0,0,0,0,0,0,0,0,0,0,0,1,0,0,0,2014,1,45.3,5.6,9.6,2.01,0,-1.51975883803251
"625",0,0,1,0,0,0,0,0,0,0,0,0,0,1,0,0,0,0,0,2014,3,43.5,9.5,8.2,0.3,0,-0.0569943529907601
"626",0,0,0,1,0,0,0,0,0,0,0,0,0,0,0,0,0,1,0,2014,4,46.8,10,5,0.01,0,-0.17689308127287
"627",0,0,0,1,0,0,0,0,0,0,0,0,0,0,0,0,0,0,1,2014,5,47.3,9.8,1.9,0,0,-0.536589266119202
"628",0,0,0,1,0,0,0,0,0,0,0,0,0,0,0,0,1,0,0,2014,6,53.6,10,3,0,0,0.338671450340204
"629",0,0,0,1,0,0,0,0,0,0,0,0,1,0,0,0,0,0,0,2014,7,44.4,8,6.5,0.1,0,0.698367635186535
"630",0,0,0,1,0,0,0,0,0,0,0,0,0,0,1,0,0,0,0,2014,2,45.8,8.1,7.9,0.18,0,0.194792976401672
"631",0,0,0,1,0,0,0,0,0,0,0,0,0,0,0,1,0,0,0,2014,1,45.3,10,4.3,0,0,-0.956234815106588
"632",0,0,0,1,0,0,0,0,0,0,0,0,0,1,0,0,0,0,0,2014,3,47.2,7.8,4.4,0,0,-0.368731046524247
"633",0,0,0,1,0,0,0,0,0,0,0,0,0,0,0,0,0,1,0,2014,4,52.6,4.7,5.6,0.86,1,0.506529669935159
"634",0,0,0,1,0,0,0,0,0,0,0,0,0,0,0,0,0,0,1,2014,5,52.2,10,6.6,0.34,0,0.374641068824837
"635",0,0,0,1,0,0,0,0,0,0,0,0,0,0,0,0,1,0,0,2014,6,50.5,10,5.8,0,0,0.974134710235389
"636",0,0,0,1,0,0,0,0,0,0,0,0,1,0,0,0,0,0,0,2014,7,62.1,10,5.7,0,0,0.542499288419792
"637",0,0,0,1,0,0,0,0,0,0,0,0,0,0,1,0,0,0,0,2014,2,60.4,10,3.6,0,0,0.17081323074525
"638",0,0,0,1,0,0,0,0,0,0,0,0,0,0,0,1,0,0,0,2014,1,63,9.8,4.7,0,0,-0.98021456076301
"639",0,0,0,1,0,0,0,0,0,0,0,0,0,1,0,0,0,0,0,2014,3,67.3,10,6.4,0,0,-0.596538630260257
"640",0,0,0,1,0,0,0,0,0,0,0,0,0,0,0,0,0,1,0,2014,4,58.5,7.6,6.9,0.07,0,-1.33991074560934
"641",0,0,0,1,0,0,0,0,0,0,0,0,0,0,0,0,0,0,1,2014,5,38.8,8.5,7.3,0.69,0,0.0748942481195614
"642",0,0,0,1,0,0,0,0,0,0,0,0,0,0,0,0,1,0,0,2014,6,41.6,10,7.2,0.05,0,-0.668477867229523
"643",0,0,0,1,0,0,0,0,0,0,0,0,1,0,0,0,0,0,0,2014,7,41.4,10,5.1,0,0,-0.812356341168055
"644",0,0,0,1,0,0,0,0,0,0,0,0,0,0,1,0,0,0,0,2014,2,52.6,10,3.7,0,0,-0.464650029149935
"645",0,0,0,1,0,0,0,0,0,0,0,0,0,0,0,1,0,0,0,2014,1,52.1,10,6.6,0,0,-2.04731324247379
"646",0,0,0,1,0,0,0,0,0,0,0,0,0,1,0,0,0,0,0,2014,3,52,10,3.6,0,0,-0.51260952046278
"647",0,0,0,1,0,0,0,0,0,0,0,0,0,0,0,0,0,1,0,2014,4,59,9.9,4.3,0,0,-1.25598163581186
"648",0,0,0,1,0,0,0,0,0,0,0,0,0,0,0,0,0,0,1,2014,5,55.7,9.9,6.6,0.01,0,-0.332761428039614
"649",0,0,0,1,0,0,0,0,0,0,0,0,0,0,0,0,1,0,0,2014,6,50.5,10,8.1,0,0,0.266732213370938
"650",0,0,0,1,0,0,0,0,0,0,0,0,1,0,0,0,0,0,0,2014,7,52.6,10,4.2,0,0,0.63841827104548
"651",0,0,0,1,0,0,0,0,0,0,0,0,0,0,1,0,0,0,0,2014,2,53,8.5,5,0.89,0,-0.188882954101081
"652",0,0,0,1,0,0,0,0,0,0,0,0,0,0,0,1,0,0,0,2014,1,51.9,9.6,5.2,0.05,0,-1.37588036409397
"653",0,0,0,1,0,0,0,0,0,0,0,0,0,1,0,0,0,0,0,2014,3,54.5,10,3.6,0,0,0.398620814481259
"654",0,0,0,1,0,0,0,0,0,0,0,0,0,0,0,0,0,1,0,2014,4,49.7,10,7.1,0,0,-0.104953844303604
"655",0,0,0,1,0,0,0,0,0,0,0,0,0,0,0,0,0,0,1,2014,5,44.2,4.1,7.7,0.59,0,1.04607394720466
"656",0,0,0,0,1,0,0,0,0,0,0,0,0,0,0,0,1,0,0,2014,6,61.1,4.7,4.6,4.53,1,1.03408407437644
"657",0,0,0,0,1,0,0,0,0,0,0,0,1,0,0,0,0,0,0,2014,7,63.4,10,3.7,0.12,0,1.60959797013057
"658",0,0,0,0,1,0,0,0,0,0,0,0,0,0,1,0,0,0,0,2014,2,61.3,9.8,3.6,0,0,0.314691704683782
"659",0,0,0,0,1,0,0,0,0,0,0,0,0,0,0,1,0,0,0,2014,1,57.6,9.7,5.1,0.08,0,-1.35190061843755
"660",0,0,0,0,1,0,0,0,0,0,0,0,0,1,0,0,0,0,0,2014,3,58.4,10,7.2,0.02,0,0.650408143873691
"661",0,0,0,0,1,0,0,0,0,0,0,0,0,0,0,0,0,1,0,2014,4,60.3,10,3.4,0,0,0.0149448839785062
"662",0,0,0,0,1,0,0,0,0,0,0,0,0,0,0,0,0,0,1,2014,5,59.1,10,3.2,0,0,0.470560051450526
"663",0,0,0,0,1,0,0,0,0,0,0,0,0,0,0,0,1,0,0,2014,6,55.9,5.2,3.7,0.34,0,0.386630941653048
"664",0,0,0,0,1,0,0,0,0,0,0,0,1,0,0,0,0,0,0,2014,7,58,3.5,2.9,0.11,0,0.242752467714516
"665",0,0,0,0,1,0,0,0,0,0,0,0,0,0,1,0,0,0,0,2014,2,65.6,3.9,3.3,0.04,1,-0.17689308127287
"666",0,0,0,0,1,0,0,0,0,0,0,0,0,0,0,1,0,0,0,2014,1,70.1,9.6,4,0.4,0,0.242752467714516
"667",0,0,0,0,1,0,0,0,0,0,0,0,0,1,0,0,0,0,0,2014,3,73.8,10,1.7,0.03,0,0.206782849229883
"668",0,0,0,0,1,0,0,0,0,0,0,0,0,0,0,0,0,1,0,2014,4,68.5,9.6,5,0,0,-0.045004480162549
"669",0,0,0,0,1,0,0,0,0,0,0,0,0,0,0,0,0,0,1,2014,5,58.2,9.6,4.7,0,0,0.890205600437912
"670",0,0,0,0,1,0,0,0,0,0,0,0,0,0,0,0,1,0,0,2014,6,63.1,4,4.4,0.12,0,1.14199292983034
"671",0,0,0,0,1,0,0,0,0,0,0,0,1,0,0,0,0,0,0,2014,7,65.9,5.4,5.6,0.07,0,1.633577715787
"672",0,0,0,0,1,0,0,0,0,0,0,0,0,0,1,0,0,0,0,2014,2,61.6,8.7,5.3,1.51,0,0.662398016701902
"673",0,0,0,0,1,0,0,0,0,0,0,0,0,0,0,1,0,0,0,2014,1,60,10,4.3,0,0,-0.680467740057734
"674",0,0,0,0,1,0,0,0,0,0,0,0,0,1,0,0,0,0,0,2014,3,60.3,10,4.3,0,0,0.0988739937759834
"675",0,0,0,0,1,0,0,0,0,0,0,0,0,0,0,0,0,1,0,2014,4,66.2,10,2.9,0,0,1.03408407437644
"676",0,0,0,0,1,0,0,0,0,0,0,0,0,0,0,0,0,0,1,2014,5,69.5,10,2.7,0,0,0.134843612260617
"677",0,0,0,0,1,0,0,0,0,0,0,0,0,0,0,0,1,0,0,2014,6,62.7,4.9,2.5,0.22,1,0.350661323168415
"678",0,0,0,0,1,0,0,0,0,0,0,0,1,0,0,0,0,0,0,2014,7,62.2,5,3.1,0.02,0,1.15398280265855
"679",0,0,0,0,1,0,0,0,0,0,0,0,0,0,1,0,0,0,0,2014,2,60.2,7.2,3.4,0.99,1,-0.932255069450166
"680",0,0,0,0,1,0,0,0,0,0,0,0,0,0,0,1,0,0,0,2014,1,65.8,8,2,0.32,0,-1.10011328904512
"681",0,0,0,0,1,0,0,0,0,0,0,0,0,1,0,0,0,0,0,2014,3,74.7,10,3.7,0,0,-1.56771832934535
"682",0,0,0,0,1,0,0,0,0,0,0,0,0,0,0,0,0,1,0,2014,4,78.3,9.9,3.4,0,0,0.974134710235389
"683",0,0,0,0,1,0,0,0,0,0,0,0,0,0,0,0,0,0,1,2014,5,61.5,9.2,6.3,0,0,-0.308781682383192
"684",0,0,0,0,1,0,0,0,0,0,0,0,0,0,0,0,1,0,0,2014,6,56.3,10,4.8,0,0,1.18995242114319
"685",0,0,0,0,1,0,0,0,0,0,0,0,1,0,0,0,0,0,0,2014,7,63.3,9.9,1.6,0,0,1.03408407437644
"686",0,0,0,0,1,0,0,0,0,0,0,0,0,0,1,0,0,0,0,2014,2,64.2,10,5.5,0,0,0.278722086199149
"687",0,0,0,0,0,1,0,0,0,0,0,0,0,0,0,1,0,0,0,2014,1,64.8,10,2.8,0.05,0,0.482549924278737
"688",0,0,0,0,0,1,0,0,0,0,0,0,0,1,0,0,0,0,0,2014,3,69.7,10,3.9,0,0,0.950154964578967
"689",0,0,0,0,0,1,0,0,0,0,0,0,0,0,0,0,0,1,0,2014,4,75.3,8.9,3.7,0,0,1.18995242114319
"690",0,0,0,0,0,1,0,0,0,0,0,0,0,0,0,0,0,0,1,2014,5,70.8,6.3,2.7,0.12,0,0.218772722058094
"691",0,0,0,0,0,1,0,0,0,0,0,0,0,0,0,0,1,0,0,2014,6,68.1,6.5,4.5,0.62,0,0.0629043752913503
"692",0,0,0,0,0,1,0,0,0,0,0,0,1,0,0,0,0,0,0,2014,7,67.7,10,4.2,0.25,0,2.14914224740007
"693",0,0,0,0,0,1,0,0,0,0,0,0,0,0,1,0,0,0,0,2014,2,71,10,2.5,0,0,0.710357508014746
"694",0,0,0,0,0,1,0,0,0,0,0,0,0,0,0,1,0,0,0,2014,1,75,10,2.1,0,0,-0.572558884603835
"695",0,0,0,0,0,1,0,0,0,0,0,0,0,1,0,0,0,0,0,2014,3,67.4,4.6,3.6,0.64,1,-0.428680410665302
"696",0,0,0,0,0,1,0,0,0,0,0,0,0,0,0,0,0,1,0,2014,4,69.5,5.4,3.4,0.96,0,0.0629043752913503
"697",0,0,0,0,0,1,0,0,0,0,0,0,0,0,0,0,0,0,1,2014,5,67,8.7,6,0.02,0,0.146833485088828
"698",0,0,0,0,0,1,0,0,0,0,0,0,0,0,0,0,1,0,0,2014,6,64.7,6.6,4.6,0,0,-0.00903486167791591
"699",0,0,0,0,0,1,0,0,0,0,0,0,1,0,0,0,0,0,0,2014,7,69.5,4.1,3.4,0.21,1,1.72949669841268
"700",0,0,0,0,0,1,0,0,0,0,0,0,0,0,1,0,0,0,0,2014,2,69,7.4,3.7,1.14,0,0.590458779732636
"701",0,0,0,0,0,1,0,0,0,0,0,0,0,0,0,1,0,0,0,2014,1,67.7,10,4,0,0,-1.06414367056049
"702",0,0,0,0,0,1,0,0,0,0,0,0,0,1,0,0,0,0,0,2014,3,72.3,10,2.1,0,0,0.698367635186535
"703",0,0,0,0,0,1,0,0,0,0,0,0,0,0,0,0,0,1,0,2014,4,77.7,9,3.4,0,0,1.22592203962782
"704",0,0,0,0,0,1,0,0,0,0,0,0,0,0,0,0,0,0,1,2014,5,83.4,9.7,5.6,0,0,1.18995242114319
"705",0,0,0,0,0,1,0,0,0,0,0,0,0,0,0,0,1,0,0,2014,6,74.9,10,3,0,0,1.33383089508172
"706",0,0,0,0,0,1,0,0,0,0,0,0,1,0,0,0,0,0,0,2014,7,71.8,9.3,3.7,0.15,0,2.41291944962071
"707",0,0,0,0,0,1,0,0,0,0,0,0,0,0,1,0,0,0,0,2014,2,70.4,10,4.7,0,0,-0.0809740986471821
"708",0,0,0,0,0,1,0,0,0,0,0,0,0,0,0,1,0,0,0,2014,1,69.8,10,1.5,0,0,-1.04016392490407
"709",0,0,0,0,0,1,0,0,0,0,0,0,0,1,0,0,0,0,0,2014,3,71.8,10,2.4,0,0,0.962144837407178
"710",0,0,0,0,0,1,0,0,0,0,0,0,0,0,0,0,0,1,0,2014,4,73.1,10,3.8,0,0,0.818266363468646
"711",0,0,0,0,0,1,0,0,0,0,0,0,0,0,0,0,0,0,1,2014,5,75.4,9,5,0,0,0.9861245830636
"712",0,0,0,0,0,1,0,0,0,0,0,0,0,0,0,0,1,0,0,2014,6,76.6,9,3.4,0.15,0,1.27388153094067
"713",0,0,0,0,0,1,0,0,0,0,0,0,1,0,0,0,0,0,0,2014,7,75.1,10,3.4,0.07,0,1.15398280265855
"714",0,0,0,0,0,1,0,0,0,0,0,0,0,0,1,0,0,0,0,2014,2,74.5,10,2.5,0,0,0.566479034076214
"715",0,0,0,0,0,1,0,0,0,0,0,0,0,0,0,1,0,0,0,2014,1,74.4,10,2.1,0,0,-0.320771555211403
"716",0,0,0,0,0,1,0,0,0,0,0,0,0,1,0,0,0,0,0,2014,3,75.7,10,2.2,0,0,0.554489161248003
"717",0,0,0,0,0,0,1,0,0,0,0,0,0,0,0,0,0,1,0,2014,4,79.1,10,3.9,0,0,0.626428398217269
"718",0,0,0,0,0,0,1,0,0,0,0,0,0,0,0,0,0,0,1,2014,5,81.3,8.6,3.5,0,1,1.13000305700213
"719",0,0,0,0,0,0,1,0,0,0,0,0,0,0,0,0,1,0,0,2014,6,77.3,5.8,2,1,1,2.11317262891544
"720",0,0,0,0,0,0,1,0,0,0,0,0,1,0,0,0,0,0,0,2014,7,70.4,6.2,3.7,1.74,1,-2.44297904580476
"721",0,0,0,0,0,0,1,0,0,0,0,0,0,0,1,0,0,0,0,2014,2,71.4,10,6.7,0.14,0,-0.704447485714156
"722",0,0,0,0,0,0,1,0,0,0,0,0,0,0,0,1,0,0,0,2014,1,76,10,4.1,0,0,-1.35190061843755
"723",0,0,0,0,0,0,1,0,0,0,0,0,0,1,0,0,0,0,0,2014,3,79.8,9.6,4.8,0,0,0.602448652560847
"724",0,0,0,0,0,0,1,0,0,0,0,0,0,0,0,0,0,1,0,2014,4,81.4,8.1,4.1,0.43,0,0.362651195996626
"725",0,0,0,0,0,0,1,0,0,0,0,0,0,0,0,0,0,0,1,2014,5,78.8,9.8,4.9,0.39,0,0.0629043752913503
"726",0,0,0,0,0,0,1,0,0,0,0,0,0,0,0,0,1,0,0,2014,6,75.4,9.6,2.9,0.09,0,0.242752467714516
"727",0,0,0,0,0,0,1,0,0,0,0,0,1,0,0,0,0,0,0,2014,7,76.8,10,3.5,0,0,0.938165091750756
"728",0,0,0,0,0,0,1,0,0,0,0,0,0,0,1,0,0,0,0,2014,2,76.2,9.8,2.1,0,0,-0.164903208444659
"729",0,0,0,0,0,0,1,0,0,0,0,0,0,0,0,1,0,0,0,2014,1,75.8,9.3,4.3,0,0,-1.49577909237608
"730",0,0,0,0,0,0,1,0,0,0,0,0,0,1,0,0,0,0,0,2014,3,75.7,7.2,3,0.03,0,0.0389246296349282
"731",0,0,0,0,0,0,1,0,0,0,0,0,0,0,0,0,0,1,0,2014,4,75.3,4.4,2.8,0.46,1,0.278722086199149
"732",0,0,0,0,0,0,1,0,0,0,0,0,0,0,0,0,0,0,1,2014,5,73.3,6.6,2.5,1.3,0,-0.152913335616448
"733",0,0,0,0,0,0,1,0,0,0,0,0,0,0,0,0,1,0,0,2014,6,73.6,10,3.5,0,0,0.278722086199149
"734",0,0,0,0,0,0,1,0,0,0,0,0,1,0,0,0,0,0,0,2014,7,73.4,10,3.6,0,0,0.722347380842957
"735",0,0,0,0,0,0,1,0,0,0,0,0,0,0,1,0,0,0,0,2014,2,72.2,10,4.5,0,0,-1.00419430641943
"736",0,0,0,0,0,0,1,0,0,0,0,0,0,0,0,1,0,0,0,2014,1,71.9,10,5.4,0,0,-1.35190061843755
"737",0,0,0,0,0,0,1,0,0,0,0,0,0,1,0,0,0,0,0,2014,3,73.9,9.8,1.6,0,0,-0.0809740986471821
"738",0,0,0,0,0,0,1,0,0,0,0,0,0,0,0,0,0,1,0,2014,4,77,9.9,2.3,0,0,0.278722086199149
"739",0,0,0,0,0,0,1,0,0,0,0,0,0,0,0,0,0,0,1,2014,5,79.7,9.8,4.8,0,0,0.326681577511993
"740",0,0,0,0,0,0,1,0,0,0,0,0,0,0,0,0,1,0,0,2014,6,75.1,8.7,4.4,0.19,0,-0.296791809554981
"741",0,0,0,0,0,0,1,0,0,0,0,0,1,0,0,0,0,0,0,2014,7,73.7,10,3.5,0,0,1.07005369286108
"742",0,0,0,0,0,0,1,0,0,0,0,0,0,0,1,0,0,0,0,2014,2,73.9,10,3.6,0,0,-0.356741173696036
"743",0,0,0,0,0,0,1,0,0,0,0,0,0,0,0,1,0,0,0,2014,1,77,9.1,2.9,0.01,0,-1.05215379773228
"744",0,0,0,0,0,0,1,0,0,0,0,0,0,1,0,0,0,0,0,2014,3,75.8,9,4.6,0.2,0,0.374641068824837
"745",0,0,0,0,0,0,1,0,0,0,0,0,0,0,0,0,0,1,0,2014,4,69.6,10,5.3,0.19,0,-0.452660156321724
"746",0,0,0,0,0,0,1,0,0,0,0,0,0,0,0,0,0,0,1,2014,5,70.8,10,2.8,0,0,0.494539797106948
"747",0,0,0,0,0,0,1,0,0,0,0,0,0,0,0,0,1,0,0,2014,6,73.5,9.8,2.5,0,0,0.746327126499379
"748",0,0,0,0,0,0,0,1,0,0,0,0,1,0,0,0,0,0,0,2014,7,75.5,7.8,3.3,0,0,1.23791191245603
"749",0,0,0,0,0,0,0,1,0,0,0,0,0,0,1,0,0,0,0,2014,2,70.4,8,4.7,0.36,0,-0.28480193672677
"750",0,0,0,0,0,0,0,1,0,0,0,0,0,0,0,1,0,0,0,2014,1,69.5,7.5,2.2,0.1,0,-1.05215379773228
"751",0,0,0,0,0,0,0,1,0,0,0,0,0,1,0,0,0,0,0,2014,3,75,9.4,2.9,0.02,0,0.302701831855571
"752",0,0,0,0,0,0,0,1,0,0,0,0,0,0,0,0,0,1,0,2014,4,78.6,10,1.4,0,0,0.506529669935159
"753",0,0,0,0,0,0,0,1,0,0,0,0,0,0,0,0,0,0,1,2014,5,76.3,9.8,3.1,0,0,-0.021024734506127
"754",0,0,0,0,0,0,0,1,0,0,0,0,0,0,0,0,1,0,0,2014,6,74.4,10,3.6,0,0,0.254742340542727
"755",0,0,0,0,0,0,0,1,0,0,0,0,1,0,0,0,0,0,0,2014,7,73.2,10,2.7,0,0,0.446580305794104
"756",0,0,0,0,0,0,0,1,0,0,0,0,0,0,1,0,0,0,0,2014,2,76,10,2.5,0,0,-0.308781682383192
"757",0,0,0,0,0,0,0,1,0,0,0,0,0,0,0,1,0,0,0,2014,1,77.5,10,2.3,0,0,-0.620518375916679
"758",0,0,0,0,0,0,0,1,0,0,0,0,0,1,0,0,0,0,0,2014,3,77.5,10,2.7,0,0,0.482549924278737
"759",0,0,0,0,0,0,0,1,0,0,0,0,0,0,0,0,0,1,0,2014,4,74.4,9.5,4.3,0,0,-0.872305705309111
"760",0,0,0,0,0,0,0,1,0,0,0,0,0,0,0,0,0,0,1,2014,5,72.5,7.5,4.9,0.7,0,0.0988739937759834
"761",0,0,0,0,0,0,0,1,0,0,0,0,0,0,0,0,1,0,0,2014,6,70.9,10,4.3,0.02,0,0.734337253671168
"762",0,0,0,0,0,0,0,1,0,0,0,0,1,0,0,0,0,0,0,2014,7,68,10,4.8,0,0,-0.500619647634568
"763",0,0,0,0,0,0,0,1,0,0,0,0,0,0,1,0,0,0,0,2014,2,70.3,10,3.4,0,0,-0.884295578137322
"764",0,0,0,0,0,0,0,1,0,0,0,0,0,0,0,1,0,0,0,2014,1,73.6,10,3.4,0,0,-1.05215379773228
"765",0,0,0,0,0,0,0,1,0,0,0,0,0,1,0,0,0,0,0,2014,3,72,10,3.7,0.01,0,0.374641068824837
"766",0,0,0,0,0,0,0,1,0,0,0,0,0,0,0,0,0,1,0,2014,4,72.2,9.8,3.6,0,0,-0.572558884603835
"767",0,0,0,0,0,0,0,1,0,0,0,0,0,0,0,0,0,0,1,2014,5,75.1,10,1.8,0,0,-0.152913335616448
"768",0,0,0,0,0,0,0,1,0,0,0,0,0,0,0,0,1,0,0,2014,6,73.9,9.7,2.8,0.04,0,0.0389246296349282
"769",0,0,0,0,0,0,0,1,0,0,0,0,1,0,0,0,0,0,0,2014,7,70.6,8.1,3.5,0.37,0,0.0509145024631393
"770",0,0,0,0,0,0,0,1,0,0,0,0,0,0,1,0,0,0,0,2014,2,70.4,10,5,0.06,0,-1.31593099995292
"771",0,0,0,0,0,0,0,1,0,0,0,0,0,0,0,1,0,0,0,2014,1,70.7,10,2.9,0.01,0,-1.51975883803251
"772",0,0,0,0,0,0,0,1,0,0,0,0,0,1,0,0,0,0,0,2014,3,74.3,10,1.9,0,0,-0.17689308127287
"773",0,0,0,0,0,0,0,1,0,0,0,0,0,0,0,0,0,1,0,2014,4,77.7,9.5,2,0,0,0.530509415591581
"774",0,0,0,0,0,0,0,1,0,0,0,0,0,0,0,0,0,0,1,2014,5,78.5,9.9,2.3,0,0,-0.308781682383192
"775",0,0,0,0,0,0,0,1,0,0,0,0,0,0,0,0,1,0,0,2014,6,76.4,10,4.9,0,0,0.650408143873691
"776",0,0,0,0,0,0,0,1,0,0,0,0,1,0,0,0,0,0,0,2014,7,69.6,10,2.8,0,0,0.806276490640435
"777",0,0,0,0,0,0,0,1,0,0,0,0,0,0,1,0,0,0,0,2014,2,71.4,10,2.5,0,0,-0.644498121573101
"778",0,0,0,0,0,0,0,1,0,0,0,0,0,0,0,1,0,0,0,2014,1,77,8.5,3,0,1,-0.824346213996267
"779",0,0,0,0,0,0,0,0,1,0,0,0,0,1,0,0,0,0,0,2014,3,79.3,9.3,2.6,0.62,0,-2.059303115302
"780",0,0,0,0,0,0,0,0,1,0,0,0,0,0,0,0,0,1,0,2014,4,83.5,9.9,3.6,0,0,1.633577715787
"781",0,0,0,0,0,0,0,0,1,0,0,0,0,0,0,0,0,0,1,2014,5,79.4,10,4.6,0,0,0.194792976401672
"782",0,0,0,0,0,0,0,0,1,0,0,0,0,0,0,0,1,0,0,2014,6,77.9,10,1.3,0,0,1.95730428214869
"783",0,0,0,0,0,0,0,0,1,0,0,0,1,0,0,0,0,0,0,2014,7,78.2,8.9,3.1,0,0,0.998114455891811
"784",0,0,0,0,0,0,0,0,1,0,0,0,0,0,1,0,0,0,0,2014,2,80.9,8.4,3.8,0,0,-0.128933589960026
"785",0,0,0,0,0,0,0,0,1,0,0,0,0,0,0,1,0,0,0,2014,1,72.6,9.9,4.1,0.11,0,-1.04016392490407
"786",0,0,0,0,0,0,0,0,1,0,0,0,0,1,0,0,0,0,0,2014,3,70.1,10,6.1,0,0,0.41061068730947
"787",0,0,0,0,0,0,0,0,1,0,0,0,0,0,0,0,0,1,0,2014,4,68.1,10,7.1,0,0,0.338671450340204
"788",0,0,0,0,0,0,0,0,1,0,0,0,0,0,0,0,0,0,1,2014,5,69.4,10,5.6,0,0,0.650408143873691
"789",0,0,0,0,0,0,0,0,1,0,0,0,0,0,0,0,1,0,0,2014,6,73.9,10,4,0,0,0.662398016701902
"790",0,0,0,0,0,0,0,0,1,0,0,0,1,0,0,0,0,0,0,2014,7,70.1,10,4.2,0,0,1.99327390063333
"791",0,0,0,0,0,0,0,0,1,0,0,0,0,0,1,0,0,0,0,2014,2,63.9,8.6,5.2,0,0,-0.0689842258189711
"792",0,0,0,0,0,0,0,0,1,0,0,0,0,0,0,1,0,0,0,2014,1,60.9,9.4,2.8,0.26,0,-0.428680410665302
"793",0,0,0,0,0,0,0,0,1,0,0,0,0,1,0,0,0,0,0,2014,3,62.8,10,2.5,0,0,0.554489161248003
"794",0,0,0,0,0,0,0,0,1,0,0,0,0,0,0,0,0,1,0,2014,4,63.5,8.3,1.7,0.03,0,0.590458779732636
"795",0,0,0,0,0,0,0,0,1,0,0,0,0,0,0,0,0,0,1,2014,5,64.3,10,2.4,0.34,0,1.13000305700213
"796",0,0,0,0,0,0,0,0,1,0,0,0,0,0,0,0,1,0,0,2014,6,65.8,10,1.8,0,0,1.03408407437644
"797",0,0,0,0,0,0,0,0,1,0,0,0,1,0,0,0,0,0,0,2014,7,61.6,10,6.6,0,0,1.01010432872002
"798",0,0,0,0,0,0,0,0,1,0,0,0,0,0,1,0,0,0,0,2014,2,65,9.9,3.2,0,0,0.362651195996626
"799",0,0,0,0,0,0,0,0,1,0,0,0,0,0,0,1,0,0,0,2014,1,70.2,5.1,1.2,0.15,0,-0.584548757432046
"800",0,0,0,0,0,0,0,0,1,0,0,0,0,1,0,0,0,0,0,2014,3,67.3,9.9,5.3,0,0,1.17796254831498
"801",0,0,0,0,0,0,0,0,1,0,0,0,0,0,0,0,0,1,0,2014,4,60.1,10,2.7,0,0,0.338671450340204
"802",0,0,0,0,0,0,0,0,1,0,0,0,0,0,0,0,0,0,1,2014,5,64.1,10,3.8,0,0,0.0269347568067172
"803",0,0,0,0,0,0,0,0,1,0,0,0,0,0,0,0,1,0,0,2014,6,61.7,8.6,7.4,0.02,0,-0.872305705309111
"804",0,0,0,0,0,0,0,0,1,0,0,0,1,0,0,0,0,0,0,2014,7,66.2,10,4.3,0.3,0,0.950154964578967
"805",0,0,0,0,0,0,0,0,1,0,0,0,0,0,1,0,0,0,0,2014,2,70.7,10,2.7,0,0,0.434590432965893
"806",0,0,0,0,0,0,0,0,1,0,0,0,0,0,0,1,0,0,0,2014,1,73.1,9.8,0.9,0,0,-0.620518375916679
"807",0,0,0,0,0,0,0,0,1,0,0,0,0,1,0,0,0,0,0,2014,3,72.4,9.9,1.2,0,0,0.0269347568067172
"808",0,0,0,0,0,0,0,0,1,0,0,0,0,0,0,0,0,1,0,2014,4,68.8,9.4,3.3,0,0,0.302701831855571
"809",0,0,0,0,0,0,0,0,0,0,0,1,0,0,0,0,0,0,1,2014,5,63.2,8.4,5.2,0,0,-0.0569943529907601
"810",0,0,0,0,0,0,0,0,0,0,0,1,0,0,0,0,1,0,0,2014,6,63.5,9.8,4.8,0.02,0,-0.0689842258189711
"811",0,0,0,0,0,0,0,0,0,0,0,1,1,0,0,0,0,0,0,2014,7,62.9,10,3.6,0,0,1.86138529952301
"812",0,0,0,0,0,0,0,0,0,0,0,1,0,0,1,0,0,0,0,2014,2,64.2,7.3,5.3,0.14,1,-0.392710792180669
"813",0,0,0,0,0,0,0,0,0,0,0,1,0,0,0,1,0,0,0,2014,1,53.1,10,5.7,1.04,0,-0.704447485714156
"814",0,0,0,0,0,0,0,0,0,0,0,1,0,1,0,0,0,0,0,2014,3,58.6,10,3,0,0,0.902195473266123
"815",0,0,0,0,0,0,0,0,0,0,0,1,0,0,0,0,0,1,0,2014,4,66.2,10,3.9,0,0,0.674387889530113
"816",0,0,0,0,0,0,0,0,0,0,0,1,0,0,0,0,0,0,1,2014,5,66.7,9.5,5.4,0.1,0,0.902195473266123
"817",0,0,0,0,0,0,0,0,0,0,0,1,0,0,0,0,1,0,0,2014,6,62.6,10,5.2,0.04,0,-0.776386722683422
"818",0,0,0,0,0,0,0,0,0,0,0,1,1,0,0,0,0,0,0,2014,7,58.7,10,2.6,0,0,-0.272812063898559
"819",0,0,0,0,0,0,0,0,0,0,0,1,0,0,1,0,0,0,0,2014,2,54.9,7.8,3.7,0.14,0,-0.212862699757504
"820",0,0,0,0,0,0,0,0,0,0,0,1,0,0,0,1,0,0,0,2014,1,54,9.9,2.1,0.19,0,-1.08812341621691
"821",0,0,0,0,0,0,0,0,0,0,0,1,0,1,0,0,0,0,0,2014,3,58.7,9.4,2,0,0,-1.35190061843755
"822",0,0,0,0,0,0,0,0,0,0,0,1,0,0,0,0,0,1,0,2014,4,67.9,7.9,3.7,0.05,0,1.59760809730236
"823",0,0,0,0,0,0,0,0,0,0,0,1,0,0,0,0,0,0,1,2014,5,71.4,9,4.4,0,0,0.134843612260617
"824",0,0,0,0,0,0,0,0,0,0,0,1,0,0,0,0,1,0,0,2014,6,68.8,5.2,3.4,1.68,1,0.458570178622315
"825",0,0,0,0,0,0,0,0,0,0,0,1,1,0,0,0,0,0,0,2014,7,64.6,9.7,4,0.12,0,1.01010432872002
"826",0,0,0,0,0,0,0,0,0,0,0,1,0,0,1,0,0,0,0,2014,2,63.8,10,4.7,0,0,-0.836336086824478
"827",0,0,0,0,0,0,0,0,0,0,0,1,0,0,0,1,0,0,0,2014,1,53.4,10,7.2,0,0,-0.968224687934799
"828",0,0,0,0,0,0,0,0,0,0,0,1,0,1,0,0,0,0,0,2014,3,49.4,9.8,4,0,0,0.326681577511993
"829",0,0,0,0,0,0,0,0,0,0,0,1,0,0,0,0,0,1,0,2014,4,60.2,10,2.7,0,0,0.51851954276337
"830",0,0,0,0,0,0,0,0,0,0,0,1,0,0,0,0,0,0,1,2014,5,55.5,7.1,6.8,0.61,0,1.72949669841268
"831",0,0,0,0,0,0,0,0,0,0,0,1,0,0,0,0,1,0,0,2014,6,51.4,7.1,7.3,1.23,0,0.902195473266123
"832",0,0,0,0,0,0,0,0,0,0,0,1,1,0,0,0,0,0,0,2014,7,54.7,10,4,0.39,0,1.26189165811245
"833",0,0,0,0,0,0,0,0,0,0,0,1,0,0,1,0,0,0,0,2014,2,58.1,10,4.3,0,0,-0.584548757432046
"834",0,0,0,0,0,0,0,0,0,0,0,1,0,0,0,1,0,0,0,2014,1,58.4,9.9,6.8,0.01,0,-0.584548757432046
"835",0,0,0,0,0,0,0,0,0,0,0,1,0,1,0,0,0,0,0,2014,3,56,10,5.4,0,0,0.938165091750756
"836",0,0,0,0,0,0,0,0,0,0,0,1,0,0,0,0,0,1,0,2014,4,60.6,10,2.3,0,0,0.0868841209477724
"837",0,0,0,0,0,0,0,0,0,0,0,1,0,0,0,0,0,0,1,2014,5,64.5,9.3,3.9,0,0,-0.0929639714753932
"838",0,0,0,0,0,0,0,0,0,0,0,1,0,0,0,0,1,0,0,2014,6,52.5,9.9,3.6,0,0,0.746327126499379
"839",0,0,0,0,0,0,0,0,0,0,0,1,1,0,0,0,0,0,0,2014,7,49.9,10,4.3,0,0,1.24990178528424
"840",0,0,0,0,0,0,0,0,0,0,1,0,0,0,1,0,0,0,0,2014,2,46.5,8.9,7.9,0.11,0,1.10602331134571
"841",0,0,0,0,0,0,0,0,0,0,1,0,0,0,0,1,0,0,0,2014,1,44.1,9.9,9.4,0.29,0,-0.380720919352458
"842",0,0,0,0,0,0,0,0,0,0,1,0,0,1,0,0,0,0,0,2014,3,47.6,10,6,0,0,0.734337253671168
"843",0,0,0,0,0,0,0,0,0,0,1,0,0,0,0,0,0,1,0,2014,4,59.5,10,4.4,0,0,-0.308781682383192
"844",0,0,0,0,0,0,0,0,0,0,1,0,0,0,0,0,0,0,1,2014,5,60.4,10,4.3,0,0,-0.116943717131815
"845",0,0,0,0,0,0,0,0,0,0,1,0,0,0,0,0,1,0,0,2014,6,52,5.9,2.6,0.12,0,1.05806382003287
"846",0,0,0,0,0,0,0,0,0,0,1,0,1,0,0,0,0,0,0,2014,7,49,8.5,5.3,0.25,0,0.926175218922545
"847",0,0,0,0,0,0,0,0,0,0,1,0,0,0,1,0,0,0,0,2014,2,41.9,10,5.3,0,0,-0.248832318242137
"848",0,0,0,0,0,0,0,0,0,0,1,0,0,0,0,1,0,0,0,2014,1,50,10,3.6,0,0,-1.73557654894031
"849",0,0,0,0,0,0,0,0,0,0,1,0,0,1,0,0,0,0,0,2014,3,51.9,10,1.9,0,0,-0.045004480162549
"850",0,0,0,0,0,0,0,0,0,0,1,0,0,0,0,0,0,1,0,2014,4,56.4,8.9,2.9,0,0,-0.848325959652689
"851",0,0,0,0,0,0,0,0,0,0,1,0,0,0,0,0,0,0,1,2014,5,59.5,5.7,2.4,0,1,-0.212862699757504
"852",0,0,0,0,0,0,0,0,0,0,1,0,0,0,0,0,1,0,0,2014,6,45.1,9.9,3,0,0,1.58561822447415
"853",0,0,0,0,0,0,0,0,0,0,1,0,1,0,0,0,0,0,0,2014,7,38.6,8.3,5.6,0.26,0,1.08204356568929
"854",0,0,0,0,0,0,0,0,0,0,1,0,0,0,1,0,0,0,0,2014,2,37.2,10,4.1,0.06,0,-0.416690537837091
"855",0,0,0,0,0,0,0,0,0,0,1,0,0,0,0,1,0,0,0,2014,1,40,10,2.9,0,0,-1.61567782065819
"856",0,0,0,0,0,0,0,0,0,0,1,0,0,1,0,0,0,0,0,2014,3,43.7,4.2,2.6,0.49,1,1.22592203962782
"857",0,0,0,0,0,0,0,0,0,0,1,0,0,0,0,0,0,1,0,2014,4,35.4,9.9,8.5,1.08,0,1.77745618972553
"858",0,0,0,0,0,0,0,0,0,0,1,0,0,0,0,0,0,0,1,2014,5,26.7,10,6.9,0,0,0.830256236296857
"859",0,0,0,0,0,0,0,0,0,0,1,0,0,0,0,0,1,0,0,2014,6,38.2,10,5.7,0,0,0.854235981953279
"860",0,0,0,0,0,0,0,0,0,0,1,0,1,0,0,0,0,0,0,2014,7,32.3,10,7.5,0,0,1.35781064073814
"861",0,0,0,0,0,0,0,0,0,0,1,0,0,0,1,0,0,0,0,2014,2,34.3,10,3.7,0,0,-0.620518375916679
"862",0,0,0,0,0,0,0,0,0,0,1,0,0,0,0,1,0,0,0,2014,1,47.4,10,4,0,0,-1.66363731197104
"863",0,0,0,0,0,0,0,0,0,0,1,0,0,1,0,0,0,0,0,2014,3,60.7,7.9,4,0.68,0,1.89735491800764
"864",0,0,0,0,0,0,0,0,0,0,1,0,0,0,0,0,0,1,0,2014,4,60,10,4.3,0.02,0,0.422600560137681
"865",0,0,0,0,0,0,0,0,0,0,1,0,0,0,0,0,0,0,1,2014,5,42.9,6.4,6.6,0.01,0,2.13715237457186
"866",0,0,0,0,0,0,0,0,0,0,1,0,0,0,0,0,1,0,0,2014,6,36.3,8.6,4.5,1.23,0,-2.22716133489696
"867",0,0,0,0,0,0,0,0,0,0,1,0,1,0,0,0,0,0,0,2014,7,33.5,10,5.6,0.02,0,-1.43582972823503
"868",0,0,0,0,0,0,0,0,0,0,1,0,0,0,1,0,0,0,0,2014,2,31.4,10,3.1,0,0,-2.03532336964558
"869",0,0,0,0,0,0,0,0,0,0,1,0,0,0,0,1,0,0,0,2014,1,47.5,10,3.3,0,0,-2.23915120772517
"870",0,0,0,0,0,0,0,0,0,1,0,0,0,1,0,0,0,0,0,2014,3,55.4,9.8,5.7,0,0,0.962144837407178
"871",0,0,0,0,0,0,0,0,0,1,0,0,0,0,0,0,0,1,0,2014,4,39.4,9.3,8,0.09,0,0.566479034076214
"872",0,0,0,0,0,0,0,0,0,1,0,0,0,0,0,0,0,0,1,2014,5,43.8,5.4,6.1,0.09,0,0.0629043752913503
"873",0,0,0,0,0,0,0,0,0,1,0,0,0,0,0,0,1,0,0,2014,6,41.2,10,5.8,0.05,0,0.506529669935159
"874",0,0,0,0,0,0,0,0,0,1,0,0,1,0,0,0,0,0,0,2014,7,38.4,9.4,6.1,0,0,1.3098511494253
"875",0,0,0,0,0,0,0,0,0,1,0,0,0,0,1,0,0,0,0,2014,2,44.8,3,2.6,0.68,0,0.770306872155802
"876",0,0,0,0,0,0,0,0,0,1,0,0,0,0,0,1,0,0,0,2014,1,38.2,9.1,10.4,1.09,0,-0.848325959652689
"877",0,0,0,0,0,0,0,0,0,1,0,0,0,1,0,0,0,0,0,2014,3,29.2,10,8.9,0.04,0,0.182803103573461
"878",0,0,0,0,0,0,0,0,0,1,0,0,0,0,0,0,0,1,0,2014,4,38.2,6.3,10.4,0.53,0,0.974134710235389
"879",0,0,0,0,0,0,0,0,0,1,0,0,0,0,0,0,0,0,1,2014,5,37.7,7,6.6,2.01,0,1.02209420154823
"880",0,0,0,0,0,0,0,0,0,1,0,0,0,0,0,0,1,0,0,2014,6,34.1,8.8,7.3,0.09,0,1.26189165811245
"881",0,0,0,0,0,0,0,0,0,1,0,0,1,0,0,0,0,0,0,2014,7,34.5,10,6.2,0.01,0,1.47770936902025
"882",0,0,0,0,0,0,0,0,0,1,0,0,0,0,1,0,0,0,0,2014,2,37.5,10,8.2,0,0,0.362651195996626
"883",0,0,0,0,0,0,0,0,0,1,0,0,0,0,0,1,0,0,0,2014,1,41,10,5.9,0,0,-1.49577909237608
"884",0,0,0,0,0,0,0,0,0,1,0,0,0,1,0,0,0,0,0,2014,3,41.6,10,3,0,0,1.87337517235122
"885",0,0,0,0,0,0,0,0,0,1,0,0,0,0,0,0,0,1,0,2014,4,43.2,8.3,2.8,0,0,0.974134710235389
"886",0,0,0,0,0,0,0,0,0,1,0,0,0,0,0,0,0,0,1,2014,5,47.4,6.7,4.2,0.22,0,-0.104953844303604
"887",0,0,0,0,0,0,0,0,0,1,0,0,0,0,0,0,1,0,0,2014,6,40.7,10,7.8,0.02,0,0.686377762358324
"888",0,0,0,0,0,0,0,0,0,1,0,0,1,0,0,0,0,0,0,2014,7,36.2,10,6.4,0,0,1.05806382003287
"889",0,0,0,0,0,0,0,0,0,1,0,0,0,0,1,0,0,0,0,2014,2,31.7,10,4.8,0,0,-0.704447485714156
"890",0,0,0,0,0,0,0,0,0,1,0,0,0,0,0,1,0,0,0,2014,1,32.4,9.6,3.8,0,0,-1.85547527722242
"891",0,0,0,0,0,0,0,0,0,1,0,0,0,1,0,0,0,0,0,2014,3,37.4,8.5,5,0,0,0.0269347568067172
"892",0,0,0,0,0,0,0,0,0,1,0,0,0,0,0,0,0,1,0,2014,4,44.4,4.2,7,0.18,0,2.01725364628975
"893",0,0,0,0,0,0,0,0,0,1,0,0,0,0,0,0,0,0,1,2014,5,45.5,3.3,5.7,0.05,0,-0.536589266119202
"894",0,0,0,0,0,0,0,0,0,1,0,0,1,0,0,0,0,0,0,2014,7,44.9,10,5.6,0.09,0,-1.41184998257861
"895",0,0,0,0,0,0,0,0,0,1,0,0,0,0,1,0,0,0,0,2014,2,47.7,10,3.5,0,0,-1.89144489570705
"896",0,0,0,0,0,0,0,0,0,1,0,0,0,0,0,1,0,0,0,2014,1,49.4,9.1,5,0,0,-2.57486764691508
"897",0,0,0,0,0,0,0,0,0,1,0,0,0,1,0,0,0,0,0,2014,3,41.4,10,4.8,0.1,0,-1.83149553156599
"898",0,0,0,0,0,0,0,0,0,1,0,0,0,0,0,0,0,1,0,2014,4,32.5,10,4.3,0,0,-1.13608290752975
"899",0,0,0,0,0,0,0,0,0,1,0,0,0,0,0,0,0,0,1,2014,5,29.4,10,4.3,0,0,-1.23200189015544
"900",1,0,0,0,0,0,0,0,0,0,0,0,0,0,0,0,1,0,0,2015,6,31.4,10,5.3,0,0,-2.04217816830318
"901",1,0,0,0,0,0,0,0,0,0,0,0,1,0,0,0,0,0,0,2015,7,38.7,10,7,0,0,-1.56295483801959
"902",1,0,0,0,0,0,0,0,0,0,0,0,0,0,1,0,0,0,0,2015,2,35.5,7.6,5,0,0,-1.42020746304149
"903",1,0,0,0,0,0,0,0,0,0,0,0,0,0,0,1,0,0,0,2015,1,45.4,5.8,5.1,0.89,0,-2.18492554328128
"904",1,0,0,0,0,0,0,0,0,0,0,0,0,1,0,0,0,0,0,2015,3,40.9,9.7,9.7,0.12,0,-0.991965338107211
"905",1,0,0,0,0,0,0,0,0,0,0,0,0,0,0,0,0,1,0,2015,4,21,7.3,4.2,0,0,1.8527859203848
"906",1,0,0,0,0,0,0,0,0,0,0,0,0,0,0,0,0,0,1,2015,5,20.7,9.7,9.5,0.05,0,-0.584115695312658
"907",1,0,0,0,0,0,0,0,0,0,0,0,0,0,0,0,1,0,0,2015,6,13,10,8.8,0,0,-0.227247257867425
"908",1,0,0,0,0,0,0,0,0,0,0,0,1,0,0,0,0,0,0,2015,7,24.9,8.7,7.4,0,0,1.58768365256834
"909",1,0,0,0,0,0,0,0,0,0,0,0,0,0,1,0,0,0,0,2015,2,21.1,10,7.5,0.07,0,-1.1653014362949
"910",1,0,0,0,0,0,0,0,0,0,0,0,0,0,0,1,0,0,0,2015,1,25.7,10,5.5,0,0,-2.59277518607583
"911",1,0,0,0,0,0,0,0,0,0,0,0,0,1,0,0,0,0,0,2015,3,36.9,6.6,3.3,0.01,0,-0.155873570378378
"912",1,0,0,0,0,0,0,0,0,0,0,0,0,0,0,0,0,1,0,2015,4,29.5,9.8,7.3,0.35,0,0.180602384927128
"913",1,0,0,0,0,0,0,0,0,0,0,0,0,0,0,0,0,0,1,2015,5,22.8,10,6.4,0,0,-0.910395409548301
"914",1,0,0,0,0,0,0,0,0,0,0,0,0,0,0,0,1,0,0,2015,6,29.5,10,3.6,0,0,-0.48215328461402
"915",1,0,0,0,0,0,0,0,0,0,0,0,1,0,0,0,0,0,0,2015,7,33.4,9.5,7.3,0,0,-0.329209668566063
"916",1,0,0,0,0,0,0,0,0,0,0,0,0,0,1,0,0,0,0,2015,2,22.2,10,6.5,0,0,-1.0225540613168
"917",1,0,0,0,0,0,0,0,0,0,0,0,0,1,0,0,0,0,0,2015,3,39.2,9.4,6.2,2.1,0,-1.01235782024694
"918",1,0,0,0,0,0,0,0,0,0,0,0,0,0,0,0,0,1,0,2015,4,37.5,10,5.1,0,0,-0.971572855967484
"919",1,0,0,0,0,0,0,0,0,0,0,0,0,0,0,0,0,0,1,2015,5,31.4,10,4.2,0,0,-1.0225540613168
"920",1,0,0,0,0,0,0,0,0,0,0,0,0,0,0,0,1,0,0,2015,6,34.4,8.3,3.4,0,0,-0.890002927408573
"921",1,0,0,0,0,0,0,0,0,0,0,0,1,0,0,0,0,0,0,2015,7,32.7,10,5.5,0,0,0.0276587688791709
"922",1,0,0,0,0,0,0,0,0,0,0,0,0,0,1,0,0,0,0,2015,2,35.4,4.2,5.5,0.66,1,-1.70570221299768
"923",1,0,0,0,0,0,0,0,0,0,0,0,0,0,0,1,0,0,0,2015,1,37.8,9.9,5.8,0.06,0,-1.93001951653468
"924",1,0,0,0,0,0,0,0,0,0,0,0,0,1,0,0,0,0,0,2015,3,26.5,5.6,9.8,0,1,-1.1347127130853
"925",1,0,0,0,0,0,0,0,0,0,0,0,0,0,0,0,0,0,1,2015,5,23.6,10,7.7,0.36,0,-1.39981498090176
"926",1,0,0,0,0,0,0,0,0,0,0,0,0,0,0,0,1,0,0,2015,6,26.6,10,3.1,0,0,-0.777844275640071
"927",1,0,0,0,0,0,0,0,0,0,0,0,1,0,0,0,0,0,0,2015,7,34.2,7.8,6.7,0.07,0,0.272368554555903
"928",1,0,0,0,0,0,0,0,0,0,0,0,0,0,1,0,0,0,0,2015,2,19.6,10,11.8,0.01,0,-0.706470588151024
"929",0,1,0,0,0,0,0,0,0,0,0,0,0,0,0,1,0,0,0,2015,1,27.6,9.9,3.5,0,0,-2.38885036467856
"930",0,1,0,0,0,0,0,0,0,0,0,0,0,1,0,0,0,0,0,2015,3,29.9,3,6.8,0.71,1,0.863750536608004
"931",0,1,0,0,0,0,0,0,0,0,0,0,0,0,0,0,0,1,0,2015,4,18.1,8.9,7.2,0.34,0,1.47552500079983
"932",0,1,0,0,0,0,0,0,0,0,0,0,0,0,0,0,0,0,1,2015,5,31.2,9.1,4,0,0,-0.104892365029059
"933",0,1,0,0,0,0,0,0,0,0,0,0,0,0,0,0,1,0,0,2015,6,33.8,10,6.3,0,0,-0.26803222214688
"934",0,1,0,0,0,0,0,0,0,0,0,0,1,0,0,0,0,0,0,2015,7,17.9,10,7.6,0,0,0.578255786651817
"935",0,1,0,0,0,0,0,0,0,0,0,0,0,0,1,0,0,0,0,2015,2,29.8,9,3.5,0,0,-1.49158115053054
"936",0,1,0,0,0,0,0,0,0,0,0,0,0,0,0,1,0,0,0,2015,1,35.1,5.9,5.9,0.02,0,-2.05237440937305
"937",0,1,0,0,0,0,0,0,0,0,0,0,0,1,0,0,0,0,0,2015,3,27.7,8.8,9.6,0.03,0,-0.492349525683884
"938",0,1,0,0,0,0,0,0,0,0,0,0,0,0,0,0,0,1,0,2015,4,30,9.6,8.1,0.07,0,-0.247639740007152
"939",0,1,0,0,0,0,0,0,0,0,0,0,0,0,0,0,0,0,1,2015,5,28.3,10,7.8,0.01,0,0.150013661717537
"940",0,1,0,0,0,0,0,0,0,0,0,0,0,0,0,0,1,0,0,2015,6,32.3,8.9,4.6,0,0,-0.706470588151024
"941",0,1,0,0,0,0,0,0,0,0,0,0,1,0,0,0,0,0,0,2015,7,16.1,10,8.8,0,0,1.64886109898752
"942",0,1,0,0,0,0,0,0,0,0,0,0,0,0,1,0,0,0,0,2015,2,23.4,8.5,4.6,0,0,-1.62413228443877
"943",0,1,0,0,0,0,0,0,0,0,0,0,0,0,0,1,0,0,0,2015,1,18.9,8.8,10.8,0.02,0,-1.44059994518122
"944",0,1,0,0,0,0,0,0,0,0,0,0,0,1,0,0,0,0,0,2015,3,9.8,10,8.5,0,0,-1.97080448081414
"945",0,1,0,0,0,0,0,0,0,0,0,0,0,0,0,0,0,1,0,2015,4,20.2,6.7,3.9,0.11,0,0.251976072416175
"946",0,1,0,0,0,0,0,0,0,0,0,0,0,0,0,0,0,0,1,2015,5,24.9,9.6,2.9,0.03,0,0.313153518835358
"947",0,1,0,0,0,0,0,0,0,0,0,0,0,0,0,0,1,0,0,2015,6,20.9,9.7,9.3,0,0,-0.818629239919526
"948",0,1,0,0,0,0,0,0,0,0,0,0,1,0,0,0,0,0,0,2015,7,10,10,9.7,0,0,0.262172313486039
"949",0,1,0,0,0,0,0,0,0,0,0,0,0,0,1,0,0,0,0,2015,2,20.5,7.7,4.6,0,0,-0.798236757779799
"950",0,1,0,0,0,0,0,0,0,0,0,0,0,0,0,1,0,0,0,2015,1,34.3,4.5,2.1,0.71,1,-0.777844275640071
"951",0,1,0,0,0,0,0,0,0,0,0,0,0,1,0,0,0,0,0,2015,3,28.2,10,8.7,0.1,0,-0.217051016797561
"952",0,1,0,0,0,0,0,0,0,0,0,0,0,0,0,0,0,1,0,2015,4,12.1,10,6,0,0,-0.155873570378378
"953",0,1,0,0,0,0,0,0,0,0,0,0,0,0,0,0,0,0,1,2015,5,27.6,10,5.8,0,0,0.333546000975086
"954",0,1,0,0,0,0,0,0,0,0,0,0,0,0,0,0,1,0,0,2015,6,26.8,9.7,6.1,0,0,-0.573919454242795
"955",0,1,0,0,0,0,0,0,0,0,0,0,1,0,0,0,0,0,0,2015,7,23.2,10,4.6,0,0,1.09826408121487
"956",0,1,0,0,0,0,0,0,0,0,0,0,0,0,1,0,0,0,0,2015,2,21.5,10,3.6,0,0,-0.584115695312658
"957",0,0,1,0,0,0,0,0,0,0,0,0,0,0,0,1,0,0,0,2015,1,27.2,7.3,2.5,0,1,0.996301670516234
"958",0,0,1,0,0,0,0,0,0,0,0,0,0,1,0,0,0,0,0,2015,3,32.4,7.5,5.3,0.52,0,0.55786330451209
"959",0,0,1,0,0,0,0,0,0,0,0,0,0,0,0,0,0,1,0,2015,4,28.2,8.5,4.7,0,0,0.364134724184677
"960",0,0,1,0,0,0,0,0,0,0,0,0,0,0,0,0,0,0,1,2015,5,38.5,5.4,5.4,0.68,0,-0.217051016797561
"961",0,0,1,0,0,0,0,0,0,0,0,0,0,0,0,0,1,0,0,2015,6,30.3,2.2,5.4,0.48,1,2.39318669708758
"962",0,0,1,0,0,0,0,0,0,0,0,0,0,0,1,0,0,0,0,2015,2,26.1,9.8,5.8,0,0,-0.176266052518106
"963",0,0,1,0,0,0,0,0,0,0,0,0,0,0,0,1,0,0,0,2015,1,41.4,9.8,4,0,0,-1.33863753448258
"964",0,0,1,0,0,0,0,0,0,0,0,0,0,1,0,0,0,0,0,2015,3,46.6,9.8,4.2,0.01,0,0.670021956280592
"965",0,0,1,0,0,0,0,0,0,0,0,0,0,0,0,0,0,1,0,2015,4,47.2,8.5,3.3,0.13,0,-0.115088606098923
"966",0,0,1,0,0,0,0,0,0,0,0,0,0,0,0,0,0,0,1,2015,5,48.8,6.5,4.5,0.47,0,-0.308817186426335
"967",0,0,1,0,0,0,0,0,0,0,0,0,0,0,0,0,1,0,0,2015,6,45.1,10,7.7,0.01,0,-0.0946961239591949
"968",0,0,1,0,0,0,0,0,0,0,0,0,1,0,0,0,0,0,0,2015,7,37.6,10,5.6,0,0,0.139817420647673
"969",0,0,1,0,0,0,0,0,0,0,0,0,0,0,1,0,0,0,0,2015,2,44,6.4,4,0.23,0,-0.900199168478437
"970",0,0,1,0,0,0,0,0,0,0,0,0,0,0,0,1,0,0,0,2015,1,42.4,9.3,8.8,0.58,0,-1.3896187398319
"971",0,0,1,0,0,0,0,0,0,0,0,0,0,1,0,0,0,0,0,2015,3,40.7,10,4.6,0,0,-0.675881864941433
"972",0,0,1,0,0,0,0,0,0,0,0,0,0,0,0,0,0,1,0,2015,4,49.7,9.5,6.9,0.01,0,-0.686078106011297
"973",0,0,1,0,0,0,0,0,0,0,0,0,0,0,0,0,0,0,1,2015,5,33.9,10,9.6,0.01,0,-0.492349525683884
"974",0,0,1,0,0,0,0,0,0,0,0,0,0,0,0,0,1,0,0,2015,6,34,10,5.5,0,0,-0.13548108823865
"975",0,0,1,0,0,0,0,0,0,0,0,0,1,0,0,0,0,0,0,2015,7,34.5,6.7,5.8,0,1,-0.257835981077016
"976",0,0,1,0,0,0,0,0,0,0,0,0,0,0,1,0,0,0,0,2015,2,33.7,4.8,5.3,0.4,0,-0.900199168478437
"977",0,0,1,0,0,0,0,0,0,0,0,0,0,0,0,1,0,0,0,2015,1,39.1,9.7,7.2,0,0,-1.66491724871822
"978",0,0,1,0,0,0,0,0,0,0,0,0,0,1,0,0,0,0,0,2015,3,30.3,10,5.5,0,0,-0.0946961239591949
"979",0,0,1,0,0,0,0,0,0,0,0,0,0,0,0,0,0,1,0,2015,4,33.8,10,4.2,0,0,0.0582474920887624
"980",0,0,1,0,0,0,0,0,0,0,0,0,0,0,0,0,0,0,1,2015,5,39.9,9.7,3.5,0,0,-0.584115695312658
"981",0,0,1,0,0,0,0,0,0,0,0,0,0,0,0,0,1,0,0,2015,6,46.9,5,1.9,0.05,0,-0.716666829220888
"982",0,0,1,0,0,0,0,0,0,0,0,0,1,0,0,0,0,0,0,2015,7,43.9,9.1,4.2,0.59,0,-0.645293141731841
"983",0,0,1,0,0,0,0,0,0,0,0,0,0,0,1,0,0,0,0,2015,2,37.2,9.8,6.3,0.27,0,-1.3896187398319
"984",0,0,1,0,0,0,0,0,0,0,0,0,0,0,0,1,0,0,0,2015,1,33.4,9.7,5.8,0,0,-0.920591650618165
"985",0,0,1,0,0,0,0,0,0,0,0,0,0,1,0,0,0,0,0,2015,3,43.3,9.8,6.6,0,0,-0.40058335605511
"986",0,0,1,0,0,0,0,0,0,0,0,0,0,0,0,0,0,1,0,2015,4,42.2,9.5,5.1,0,0,0.333546000975086
"987",0,0,0,1,0,0,0,0,0,0,0,0,0,0,0,0,0,0,1,2015,5,38.9,9.5,4.7,0.17,0,0.537470822372362
"988",0,0,0,1,0,0,0,0,0,0,0,0,0,0,0,0,1,0,0,2015,6,51.8,10,4.5,0,0,0.588452027721681
"989",0,0,0,1,0,0,0,0,0,0,0,0,1,0,0,0,0,0,0,2015,7,61.1,9.1,6.3,0,0,-1.06333902559626
"990",0,0,0,1,0,0,0,0,0,0,0,0,0,0,1,0,0,0,0,2015,2,52.9,8.6,7.4,0.05,0,-0.900199168478437
"991",0,0,0,1,0,0,0,0,0,0,0,0,0,0,0,1,0,0,0,2015,1,49.3,10,4.8,0.01,0,-1.76687965941686
"992",0,0,0,1,0,0,0,0,0,0,0,0,0,1,0,0,0,0,0,2015,3,50.8,10,3.5,0,0,-0.869610445268845
"993",0,0,0,1,0,0,0,0,0,0,0,0,0,0,0,0,0,1,0,2015,4,54.9,9.4,5.7,0,0,-1.46099242732095
"994",0,0,0,1,0,0,0,0,0,0,0,0,0,0,0,0,0,0,1,2015,5,42.3,9.1,9.3,0.15,0,-1.41001122197163
"995",0,0,0,1,0,0,0,0,0,0,0,0,0,0,0,0,1,0,0,2015,6,38.8,8.8,8.9,0,0,-1.46099242732095
"996",0,0,0,1,0,0,0,0,0,0,0,0,1,0,0,0,0,0,0,2015,7,44.6,5,4.2,0.17,0,-1.11432023094558
"997",0,0,0,1,0,0,0,0,0,0,0,0,0,0,1,0,0,0,0,2015,2,54.1,9.5,7.9,0,0,-0.196658534657833
"998",0,0,0,1,0,0,0,0,0,0,0,0,0,0,0,1,0,0,0,2015,1,51.3,10,3.4,0,0,-1.55275859694972
"999",0,0,0,1,0,0,0,0,0,0,0,0,0,1,0,0,0,0,0,2015,3,57.7,10,3.5,0,0,-0.420975838194837
"1000",0,0,0,1,0,0,0,0,0,0,0,0,0,0,0,0,0,1,0,2015,4,60.7,10,3.7,0,0,-0.543330731033203
"1001",0,0,0,1,0,0,0,0,0,0,0,0,0,0,0,0,0,0,1,2015,5,61,10,4.6,0.01,0,-0.00292995433042053
"1002",0,0,0,1,0,0,0,0,0,0,0,0,0,0,0,0,1,0,0,2015,6,58,10,6.2,0,0,-0.359798391775654
"1003",0,0,0,1,0,0,0,0,0,0,0,0,1,0,0,0,0,0,0,2015,7,60.5,9.5,5.4,0.08,0,0.853554295538141
"1004",0,0,0,1,0,0,0,0,0,0,0,0,0,0,1,0,0,0,0,2015,2,68,10,2.8,0,0,0.0990324563682177
"1005",0,0,0,1,0,0,0,0,0,0,0,0,0,0,0,1,0,0,0,2015,1,58.7,10,7.1,0,0,-1.26726384699353
"1006",0,0,0,1,0,0,0,0,0,0,0,0,0,1,0,0,0,0,0,2015,3,51.1,5.6,7.2,0.02,1,0.353938483114813
"1007",0,0,0,1,0,0,0,0,0,0,0,0,0,0,0,0,0,1,0,2015,4,56.3,5.8,5.2,1.49,1,0.506882099162771
"1008",0,0,0,1,0,0,0,0,0,0,0,0,0,0,0,0,0,0,1,2015,5,57.7,9.6,4.8,0.06,0,-0.278228463216744
"1009",0,0,0,1,0,0,0,0,0,0,0,0,0,0,0,0,1,0,0,2015,6,46.8,10,8.1,0.05,0,0.170406143857264
"1010",0,0,0,1,0,0,0,0,0,0,0,0,1,0,0,0,0,0,0,2015,7,43.5,10,7.3,0,0,0.822965572328549
"1011",0,0,0,1,0,0,0,0,0,0,0,0,0,0,1,0,0,0,0,2015,2,47,10,5.4,0,0,-0.033518677540012
"1012",0,0,0,1,0,0,0,0,0,0,0,0,0,0,0,1,0,0,0,2015,1,54.1,10,4.8,0,0,-1.20608640057435
"1013",0,0,0,1,0,0,0,0,0,0,0,0,0,1,0,0,0,0,0,2015,3,54.5,10,4.8,0,0,-0.380190873915382
"1014",0,0,0,1,0,0,0,0,0,0,0,0,0,0,0,0,0,1,0,2015,4,59,10,6.6,0,0,0.180602384927128
"1015",0,0,0,1,0,0,0,0,0,0,0,0,0,0,0,0,0,0,1,2015,5,64.9,10,4.3,0,0,0.853554295538141
"1016",0,0,0,1,0,0,0,0,0,0,0,0,0,0,0,0,1,0,0,2015,6,55.6,10,7.5,0,0,0.455900893813452
"1017",0,0,0,0,1,0,0,0,0,0,0,0,1,0,0,0,0,0,0,2015,7,53.6,10,5.1,0,0,0.476293375953179
"1018",0,0,0,0,1,0,0,0,0,0,0,0,0,0,1,0,0,0,0,2015,2,55.1,10,2.5,0,0,-0.563723213172931
"1019",0,0,0,0,1,0,0,0,0,0,0,0,0,0,0,1,0,0,0,2015,1,61.6,10,2.5,0,0,-0.410779597124973
"1020",0,0,0,0,1,0,0,0,0,0,0,0,0,1,0,0,0,0,0,2015,3,70.1,9.5,3.6,0,0,0.466097134883315
"1021",0,0,0,0,1,0,0,0,0,0,0,0,0,0,0,0,0,1,0,2015,4,73.7,10,4.6,0,0,0.435508411673724
"1022",0,0,0,0,1,0,0,0,0,0,0,0,0,0,0,0,0,0,1,2015,5,68.1,10,4.5,0,0,-0.278228463216744
"1023",0,0,0,0,1,0,0,0,0,0,0,0,0,0,0,0,1,0,0,2015,6,66.2,10,1.7,0,0,0.90453550088746
"1024",0,0,0,0,1,0,0,0,0,0,0,0,1,0,0,0,0,0,0,2015,7,66.9,6.8,2.3,0,0,1.15944152763406
"1025",0,0,0,0,1,0,0,0,0,0,0,0,0,0,1,0,0,0,0,2015,2,62.3,6,4.3,0,0,-0.359798391775654
"1026",0,0,0,0,1,0,0,0,0,0,0,0,0,0,0,1,0,0,0,2015,1,70,7,2.3,0,0,-0.471957043544156
"1027",0,0,0,0,1,0,0,0,0,0,0,0,0,1,0,0,0,0,0,2015,3,75.3,8.5,3.6,0,0,0.506882099162771
"1028",0,0,0,0,1,0,0,0,0,0,0,0,0,0,0,0,0,1,0,2015,4,75.6,8.5,3.7,0,0,0.90453550088746
"1029",0,0,0,0,1,0,0,0,0,0,0,0,0,0,0,0,0,0,1,2015,5,64.5,10,6.7,0,0,0.608844509861409
"1030",0,0,0,0,1,0,0,0,0,0,0,0,0,0,0,0,1,0,0,2015,6,60,10,3.5,0,0,0.598648268791545
"1031",0,0,0,0,1,0,0,0,0,0,0,0,1,0,0,0,0,0,0,2015,7,63.1,10,3.3,0,0,1.30218890261215
"1032",0,0,0,0,1,0,0,0,0,0,0,0,0,0,1,0,0,0,0,2015,2,65.4,8.6,1.8,0.03,0,0.55786330451209
"1033",0,0,0,0,1,0,0,0,0,0,0,0,0,0,0,1,0,0,0,2015,1,72.2,5.6,2.1,0.29,0,-0.533134489963339
"1034",0,0,0,0,1,0,0,0,0,0,0,0,0,1,0,0,0,0,0,2015,3,67.2,7.2,3.9,0.02,0,-0.298620945356471
"1035",0,0,0,0,1,0,0,0,0,0,0,0,0,0,0,0,0,1,0,2015,4,65.2,5.7,1.7,0,0,0.109228697438082
"1036",0,0,0,0,1,0,0,0,0,0,0,0,0,0,0,0,0,0,1,2015,5,62,9.7,5.8,0,0,0.721003161629911
"1037",0,0,0,0,1,0,0,0,0,0,0,0,0,0,0,0,1,0,0,2015,6,56.7,10,2.5,0,0,0.200994867066856
"1038",0,0,0,0,1,0,0,0,0,0,0,0,1,0,0,0,0,0,0,2015,7,62.1,10,4.4,0,0,1.3429738668916
"1039",0,0,0,0,1,0,0,0,0,0,0,0,0,0,1,0,0,0,0,2015,2,59.3,10,4.6,0,0,-0.502545766753748
"1040",0,0,0,0,1,0,0,0,0,0,0,0,0,0,0,1,0,0,0,2015,1,66.2,10,3.3,0,0,-1.66491724871822
"1041",0,0,0,0,1,0,0,0,0,0,0,0,0,1,0,0,0,0,0,2015,3,73.8,10,3.6,0,0,-1.78727214155659
"1042",0,0,0,0,1,0,0,0,0,0,0,0,0,0,0,0,0,1,0,2015,4,76.1,10,4.5,0,0,0.924927983027187
"1043",0,0,0,0,1,0,0,0,0,0,0,0,0,0,0,0,0,0,1,2015,5,75.7,8.9,4.8,0,0,1.03708663479569
"1044",0,0,0,0,1,0,0,0,0,0,0,0,0,0,0,0,1,0,0,2015,6,75.9,7.7,3.3,0.08,0,0.884143018747732
"1045",0,0,0,0,1,0,0,0,0,0,0,0,1,0,0,0,0,0,0,2015,7,73.6,10,4.5,0,0,2.21985059889989
"1046",0,0,0,0,1,0,0,0,0,0,0,0,0,0,1,0,0,0,0,2015,2,73.5,9.9,4.1,0,0,0.272368554555903
"1047",0,0,0,0,1,0,0,0,0,0,0,0,0,0,0,1,0,0,0,2015,1,74.4,8.5,4.1,0,1,-0.410779597124973
"1048",0,0,0,0,0,1,0,0,0,0,0,0,0,1,0,0,0,0,0,2015,3,58,5.3,7.9,1.89,0,0.975909188376506
"1049",0,0,0,0,0,1,0,0,0,0,0,0,0,0,0,0,0,1,0,2015,4,52.4,6.1,6.8,0.4,0,0.476293375953179
"1050",0,0,0,0,0,1,0,0,0,0,0,0,0,0,0,0,0,0,1,2015,5,58,9,4.5,0.26,0,0.639433233071
"1051",0,0,0,0,0,1,0,0,0,0,0,0,0,0,0,0,1,0,0,2015,6,58,10,4.6,0,0,-0.441368320334565
"1052",0,0,0,0,0,1,0,0,0,0,0,0,1,0,0,0,0,0,0,2015,7,59.4,8.1,3.2,0,0,0.98610542944637
"1053",0,0,0,0,0,1,0,0,0,0,0,0,0,0,1,0,0,0,0,2015,2,65.9,7.6,3.5,0.32,0,0.0276587688791709
"1054",0,0,0,0,0,1,0,0,0,0,0,0,0,0,0,1,0,0,0,2015,1,65,10,3,0.19,0,-0.369994632845518
"1055",0,0,0,0,0,1,0,0,0,0,0,0,0,1,0,0,0,0,0,2015,3,68.6,9.9,4.8,0,0,0.394723447394269
"1056",0,0,0,0,0,1,0,0,0,0,0,0,0,0,0,0,0,1,0,2015,4,73.7,8.6,4.9,0.07,0,0.578255786651817
"1057",0,0,0,0,0,1,0,0,0,0,0,0,0,0,0,0,0,0,1,2015,5,74,10,2.5,0.01,0,0.731199402699775
"1058",0,0,0,0,0,1,0,0,0,0,0,0,0,0,0,0,1,0,0,2015,6,79.6,7.3,4.5,0,0,0.721003161629911
"1059",0,0,0,0,0,1,0,0,0,0,0,0,1,0,0,0,0,0,0,2015,7,81.6,8,3.3,0,0,-1.47118866839081
"1060",0,0,0,0,0,1,0,0,0,0,0,0,0,0,1,0,0,0,0,2015,2,81.4,10,5.7,0,0,-2.04217816830318
"1061",0,0,0,0,0,1,0,0,0,0,0,0,0,0,0,1,0,0,0,2015,1,77.9,10,2.1,0,0,-0.176266052518106
"1062",0,0,0,0,0,1,0,0,0,0,0,0,0,1,0,0,0,0,0,2015,3,70.8,3.6,3.7,0.77,0,-0.910395409548301
"1063",0,0,0,0,0,1,0,0,0,0,0,0,0,0,0,0,0,1,0,2015,4,69.9,6.2,3,0.16,0,-0.0233224364701482
"1064",0,0,0,0,0,1,0,0,0,0,0,0,0,0,0,0,0,0,1,2015,5,73.3,9.5,3.4,0.27,0,1.12885280442446
"1065",0,0,0,0,0,1,0,0,0,0,0,0,0,0,0,0,1,0,0,2015,6,66.8,9.8,3.3,0,0,0.200994867066856
"1066",0,0,0,0,0,1,0,0,0,0,0,0,1,0,0,0,0,0,0,2015,7,74.6,9.5,2.6,0,0,1.39395507224092
"1067",0,0,0,0,0,1,0,0,0,0,0,0,0,0,1,0,0,0,0,2015,2,70.1,8.2,4.9,0,0,-0.920591650618165
"1068",0,0,0,0,0,1,0,0,0,0,0,0,0,0,0,1,0,0,0,2015,1,76.3,6.1,4.3,0.35,0,0.251976072416175
"1069",0,0,0,0,0,1,0,0,0,0,0,0,0,1,0,0,0,0,0,2015,3,78.3,9.8,4.5,0.29,0,1.8221971971752
"1070",0,0,0,0,0,1,0,0,0,0,0,0,0,0,0,0,0,1,0,2015,4,82.1,8.9,4.7,0,0,1.09826408121487
"1071",0,0,0,0,0,1,0,0,0,0,0,0,0,0,0,0,0,0,1,2015,5,76.7,10,4.5,0.02,0,1.86298216145466
"1072",0,0,0,0,0,1,0,0,0,0,0,0,0,0,0,0,1,0,0,2015,6,75,10,2.7,0,0,0.761788125909366
"1073",0,0,0,0,0,1,0,0,0,0,0,0,1,0,0,0,0,0,0,2015,7,74.4,10,3.9,0,0,1.8221971971752
"1074",0,0,0,0,0,1,0,0,0,0,0,0,0,0,1,0,0,0,0,2015,2,67.7,8.8,4.4,0,0,-0.00292995433042053
"1075",0,0,0,0,0,1,0,0,0,0,0,0,0,0,0,1,0,0,0,2015,1,64.3,5.5,5.8,1.42,0,-0.61470441852225
"1076",0,0,0,0,0,1,0,0,0,0,0,0,0,1,0,0,0,0,0,2015,3,70.3,10,4.6,0.29,0,0.680218197350456
"1077",0,0,0,0,0,1,0,0,0,0,0,0,0,0,0,0,0,1,0,2015,4,74.5,10,3.7,0,0,0.272368554555903
"1078",0,0,0,0,0,0,1,0,0,0,0,0,0,0,0,0,0,0,1,2015,5,75,6.8,4.3,0.43,1,0.894339259817596
"1079",0,0,0,0,0,0,1,0,0,0,0,0,0,0,0,0,1,0,0,2015,6,74.7,9.6,1.3,0.39,0,0.07863997422849
"1080",0,0,0,0,0,0,1,0,0,0,0,0,1,0,0,0,0,0,0,2015,7,73.5,9.9,2.4,0,0,-0.471957043544156
"1081",0,0,0,0,0,0,1,0,0,0,0,0,0,0,1,0,0,0,0,2015,2,72,9.9,3,0,0,-2.10335561472237
"1082",0,0,0,0,0,0,1,0,0,0,0,0,0,0,0,1,0,0,0,2015,1,74.6,9.2,1.3,0,0,-1.30804881127299
"1083",0,0,0,0,0,0,1,0,0,0,0,0,0,1,0,0,0,0,0,2015,3,76.8,8.7,2.1,0,0,0.0276587688791709
"1084",0,0,0,0,0,0,1,0,0,0,0,0,0,0,0,0,0,1,0,2015,4,78.7,8.4,3.6,0,1,0.517078340232634
"1085",0,0,0,0,0,0,1,0,0,0,0,0,0,0,0,0,0,0,1,2015,5,80.5,7.5,3.6,0.12,0,0.251976072416175
"1086",0,0,0,0,0,0,1,0,0,0,0,0,0,0,0,0,1,0,0,2015,6,74.7,7.6,3.6,0,0,-0.288424704286608
"1087",0,0,0,0,0,0,1,0,0,0,0,0,1,0,0,0,0,0,0,2015,7,76.1,8,4.4,0.3,0,1.15944152763406
"1088",0,0,0,0,0,0,1,0,0,0,0,0,0,0,1,0,0,0,0,2015,2,78.7,9.9,1.9,0,0,0.0174625278093071
"1089",0,0,0,0,0,0,1,0,0,0,0,0,0,0,0,1,0,0,0,2015,1,79.9,9.9,1.7,0,0,-0.757451793500343
"1090",0,0,0,0,0,0,1,0,0,0,0,0,0,1,0,0,0,0,0,2015,3,79.5,9.5,2.3,0,0,0.741395643769639
"1091",0,0,0,0,0,0,1,0,0,0,0,0,0,0,0,0,0,1,0,2015,4,75.3,9.1,2.1,0,1,0.629236992001136
"1092",0,0,0,0,0,0,1,0,0,0,0,0,0,0,0,0,0,0,1,2015,5,77,6.3,2.8,0.42,1,0.160209902787401
"1093",0,0,0,0,0,0,1,0,0,0,0,0,0,0,0,0,1,0,0,2015,6,72.8,10,5.9,0.12,0,0.924927983027187
"1094",0,0,0,0,0,0,1,0,0,0,0,0,1,0,0,0,0,0,0,2015,7,72.5,10,3.1,0,0,0.649629474140864
"1095",0,0,0,0,0,0,1,0,0,0,0,0,0,0,1,0,0,0,0,2015,2,76.2,8.8,3.6,0,1,-0.34960215070579
"1096",0,0,0,0,0,0,1,0,0,0,0,0,0,0,0,1,0,0,0,2015,1,84.9,9.7,2.8,0.32,0,-0.512742007823612
"1097",0,0,0,0,0,0,1,0,0,0,0,0,0,1,0,0,0,0,0,2015,3,88,9.2,4.1,0,0,1.3429738668916
"1098",0,0,0,0,0,0,1,0,0,0,0,0,0,0,0,0,0,1,0,2015,4,83.7,9.6,2.5,0,0,0.109228697438082
"1099",0,0,0,0,0,0,1,0,0,0,0,0,0,0,0,0,0,0,1,2015,5,77.3,10,4.5,0,0,0.231583590276447
"1100",0,0,0,0,0,0,1,0,0,0,0,0,0,0,0,0,1,0,0,2015,6,76.7,10,4.1,0,0,0.282564795625767
"1101",0,0,0,0,0,0,1,0,0,0,0,0,1,0,0,0,0,0,0,2015,7,77.8,10,2.1,0,0,-1.07353526666612
"1102",0,0,0,0,0,0,1,0,0,0,0,0,0,0,1,0,0,0,0,2015,2,78.2,10,2.5,0,0,-1.47118866839081
"1103",0,0,0,0,0,0,1,0,0,0,0,0,0,0,0,1,0,0,0,2015,1,79.8,10,3.6,0,0,-0.451564561404429
"1104",0,0,0,0,0,0,1,0,0,0,0,0,0,1,0,0,0,0,0,2015,3,78.5,9,2.8,0.36,0,0.313153518835358
"1105",0,0,0,0,0,0,1,0,0,0,0,0,0,0,0,0,0,1,0,2015,4,82.7,9.4,2.2,0,0,0.486489617023043
"1106",0,0,0,0,0,0,1,0,0,0,0,0,0,0,0,0,0,0,1,2015,5,85.4,9.4,2.7,0,0,0.343742242044949
"1107",0,0,0,0,0,0,1,0,0,0,0,0,0,0,0,0,1,0,0,2015,6,80.5,6.9,4.6,0,1,1.24101145619297
"1108",0,0,0,0,0,0,1,0,0,0,0,0,1,0,0,0,0,0,0,2015,7,80.5,8.6,3.3,1.95,0,1.60807613470806
"1109",0,0,0,0,0,0,0,1,0,0,0,0,0,0,1,0,0,0,0,2015,2,81.6,10,3.8,0,0,0.741395643769639
"1110",0,0,0,0,0,0,0,1,0,0,0,0,0,0,0,1,0,0,0,2015,1,79.9,10,2,0,0,-0.461760802474293
"1111",0,0,0,0,0,0,0,1,0,0,0,0,0,1,0,0,0,0,0,2015,3,81.3,10,3.7,0,0,1.1186565633546
"1112",0,0,0,0,0,0,0,1,0,0,0,0,0,0,0,0,0,1,0,2015,4,80.7,9.6,4.6,0.43,1,0.721003161629911
"1113",0,0,0,0,0,0,0,1,0,0,0,0,0,0,0,0,0,0,1,2015,5,79.3,10,2.6,0,0,0.241779831346311
"1114",0,0,0,0,0,0,0,1,0,0,0,0,0,0,0,0,1,0,0,2015,6,75.6,10,2.7,0,0,0.353938483114813
"1115",0,0,0,0,0,0,0,1,0,0,0,0,1,0,0,0,0,0,0,2015,7,76.4,10,4.3,0,0,1.33277762582174
"1116",0,0,0,0,0,0,0,1,0,0,0,0,0,0,1,0,0,0,0,2015,2,74.7,10,3.4,0,0,-0.512742007823612
"1117",0,0,0,0,0,0,0,1,0,0,0,0,0,0,0,1,0,0,0,2015,1,75,10,2.9,0,0,-1.08373150773599
"1118",0,0,0,0,0,0,0,1,0,0,0,0,0,1,0,0,0,0,0,2015,3,74.9,10,3.6,0,0,0.160209902787401
"1119",0,0,0,0,0,0,0,1,0,0,0,0,0,0,0,0,0,1,0,2015,4,74.9,7.8,3.9,0.59,0,0.0582474920887624
"1120",0,0,0,0,0,0,0,1,0,0,0,0,0,0,0,0,0,0,1,2015,5,77,10,3.8,0.58,0,0.486489617023043
"1121",0,0,0,0,0,0,0,1,0,0,0,0,0,0,0,0,1,0,0,2015,6,75.4,10,3.3,0,0,1.21042273298337
"1122",0,0,0,0,0,0,0,1,0,0,0,0,1,0,0,0,0,0,0,2015,7,77.1,10,2.2,0,0,1.36336634903133
"1123",0,0,0,0,0,0,0,1,0,0,0,0,0,0,1,0,0,0,0,2015,2,80.7,10,3.3,0,0,-0.13548108823865
"1124",0,0,0,0,0,0,0,1,0,0,0,0,0,0,0,1,0,0,0,2015,1,82.8,10,1.2,0,0,-0.441368320334565
"1125",0,0,0,0,0,0,0,1,0,0,0,0,0,1,0,0,0,0,0,2015,3,84.4,9.5,2.5,0,0,-0.033518677540012
"1126",0,0,0,0,0,0,0,1,0,0,0,0,0,0,0,0,0,1,0,2015,4,81.8,8.7,3.6,0.29,0,0.282564795625767
"1127",0,0,0,0,0,0,0,1,0,0,0,0,0,0,0,0,0,0,1,2015,5,80,10,4,0,0,-0.0131261954002844
"1128",0,0,0,0,0,0,0,1,0,0,0,0,0,0,0,0,1,0,0,2015,6,80.5,10,4.2,0,0,0.0480512510188986
"1129",0,0,0,0,0,0,0,1,0,0,0,0,1,0,0,0,0,0,0,2015,7,78.7,9.1,4,0.33,0,1.60807613470806
"1130",0,0,0,0,0,0,0,1,0,0,0,0,0,0,1,0,0,0,0,2015,2,76.9,9.2,3.7,0.32,0,-0.145677329308514
"1131",0,0,0,0,0,0,0,1,0,0,0,0,0,0,0,1,0,0,0,2015,1,76,10,3.6,0,0,-1.05314278452639
"1132",0,0,0,0,0,0,0,1,0,0,0,0,0,1,0,0,0,0,0,2015,3,78.2,9.9,2.1,0,0,-0.206854775727697
"1133",0,0,0,0,0,0,0,1,0,0,0,0,0,0,0,0,0,1,0,2015,4,80.9,9.7,3,0,0,-0.00292995433042053
"1134",0,0,0,0,0,0,0,1,0,0,0,0,0,0,0,0,0,0,1,2015,5,76,10,3.7,0,0,0.109228697438082
"1135",0,0,0,0,0,0,0,1,0,0,0,0,0,0,0,0,1,0,0,2015,6,73.8,10,2.6,0,0,0.190798625996992
"1136",0,0,0,0,0,0,0,1,0,0,0,0,1,0,0,0,0,0,0,2015,7,72.7,10,2.5,0,0,0.139817420647673
"1137",0,0,0,0,0,0,0,1,0,0,0,0,0,0,1,0,0,0,0,2015,2,75.7,10,1.2,0,0,-0.573919454242795
"1138",0,0,0,0,0,0,0,1,0,0,0,0,0,0,0,1,0,0,0,2015,1,79.1,10,3.3,0,0,-0.329209668566063
"1139",0,0,0,0,0,0,0,1,0,0,0,0,0,1,0,0,0,0,0,2015,3,81.7,8.5,3.8,0.13,0,0.190798625996992
"1140",0,0,0,0,0,0,0,0,1,0,0,0,0,0,0,0,0,1,0,2015,4,82,8.5,2.6,0,0,0.313153518835358
"1141",0,0,0,0,0,0,0,0,1,0,0,0,0,0,0,0,0,0,1,2015,5,81.1,7.5,1.8,0,0,0.598648268791545
"1142",0,0,0,0,0,0,0,0,1,0,0,0,0,0,0,0,1,0,0,2015,6,82.6,6.8,1.8,0,0,0.710806920560047
"1143",0,0,0,0,0,0,0,0,1,0,0,0,1,0,0,0,0,0,0,2015,7,80.6,7.3,5,0,0,0.486489617023043
"1144",0,0,0,0,0,0,0,0,1,0,0,0,0,0,1,0,0,0,0,2015,2,74,10,4.4,0,0,-0.553526972103067
"1145",0,0,0,0,0,0,0,0,1,0,0,0,0,0,0,1,0,0,0,2015,1,74.1,10,1,0,0,-0.930787891688028
"1146",0,0,0,0,0,0,0,0,1,0,0,0,0,1,0,0,0,0,0,2015,3,78.4,10,3.4,0,0,-1.12451647201544
"1147",0,0,0,0,0,0,0,0,1,0,0,0,0,0,0,0,0,1,0,2015,4,84.2,9.8,3.8,0,0,2.03631825964234
"1148",0,0,0,0,0,0,0,0,1,0,0,0,0,0,0,0,0,0,1,2015,5,82,10,4,0,0,1.47552500079983
"1149",0,0,0,0,0,0,0,0,1,0,0,0,0,0,0,0,1,0,0,2015,6,75.2,6.2,4.7,1.13,1,1.2308152151231
"1150",0,0,0,0,0,0,0,0,1,0,0,0,1,0,0,0,0,0,0,2015,7,72.3,8.4,5.6,0.45,0,1.73043102754643
"1151",0,0,0,0,0,0,0,0,1,0,0,0,0,0,1,0,0,0,0,2015,2,74,10,2.3,0,0,-0.420975838194837
"1152",0,0,0,0,0,0,0,0,1,0,0,0,0,0,0,1,0,0,0,2015,1,72,8.6,5.2,0.29,0,-1.19589015950449
"1153",0,0,0,0,0,0,0,0,1,0,0,0,0,1,0,0,0,0,0,2015,3,66.4,10,6.3,0.04,0,-0.166069811448242
"1154",0,0,0,0,0,0,0,0,1,0,0,0,0,0,0,0,0,1,0,2015,4,72,10,2.1,0,0,-0.166069811448242
"1155",0,0,0,0,0,0,0,0,1,0,0,0,0,0,0,0,0,0,1,2015,5,75.8,10,1.5,0,0,1.55709492935874
"1156",0,0,0,0,0,0,0,0,1,0,0,0,0,0,0,0,1,0,0,2015,6,77,10,1.3,0,0,1.51630996507929
"1157",0,0,0,0,0,0,0,0,1,0,0,0,1,0,0,0,0,0,0,2015,7,76.3,9.8,2.4,0,0,1.67944982219711
"1158",0,0,0,0,0,0,0,0,1,0,0,0,0,0,1,0,0,0,0,2015,2,74.7,9.3,1.8,0,0,0.608844509861409
"1159",0,0,0,0,0,0,0,0,1,0,0,0,0,0,0,1,0,0,0,2015,1,73.9,10,6.3,0,0,-0.40058335605511
"1160",0,0,0,0,0,0,0,0,1,0,0,0,0,1,0,0,0,0,0,2015,3,65.8,10,7.4,0,0,0.29276103669563
"1161",0,0,0,0,0,0,0,0,1,0,0,0,0,0,0,0,0,1,0,2015,4,66.8,10,6.4,0,0,-0.247639740007152
"1162",0,0,0,0,0,0,0,0,1,0,0,0,0,0,0,0,0,0,1,2015,5,68.4,10,3.3,0,0,-0.96137661489762
"1163",0,0,0,0,0,0,0,0,1,0,0,0,0,0,0,0,1,0,0,2015,6,69.7,10,3,0,0,0.241779831346311
"1164",0,0,0,0,0,0,0,0,1,0,0,0,1,0,0,0,0,0,0,2015,7,69,10,5.5,0,0,-0.104892365029059
"1165",0,0,0,0,0,0,0,0,1,0,0,0,0,0,1,0,0,0,0,2015,2,66.5,10,5.2,0,0,-0.390387114985246
"1166",0,0,0,0,0,0,0,0,1,0,0,0,0,0,0,1,0,0,0,2015,1,63.5,10,4.8,0,0,-1.04294654345653
"1167",0,0,0,0,0,0,0,0,1,0,0,0,0,1,0,0,0,0,0,2015,3,70.1,9.6,2.3,0,0,-0.0946961239591949
"1168",0,0,0,0,0,0,0,0,1,0,0,0,0,0,0,0,0,1,0,2015,4,75.6,9.7,2.7,0,0,-0.390387114985246
"1169",0,0,0,0,0,0,0,0,1,0,0,0,0,0,0,0,0,0,1,2015,5,73.5,7.4,5.3,1.33,0,0.394723447394269
"1170",0,0,0,0,0,0,0,0,0,0,0,1,0,0,0,0,1,0,0,2015,6,59.8,9.8,7.6,0.04,0,0.894339259817596
"1171",0,0,0,0,0,0,0,0,0,0,0,1,1,0,0,0,0,0,0,2015,7,52.7,7.7,9.9,0.14,0,2.06690698285194
"1172",0,0,0,0,0,0,0,0,0,0,0,1,0,0,1,0,0,0,0,2015,2,50.2,6.9,11.8,1.36,0,-0.40058335605511
"1173",0,0,0,0,0,0,0,0,0,0,0,1,0,0,0,1,0,0,0,2015,1,56.5,10,9.2,0.02,0,-0.604508177452386
"1174",0,0,0,0,0,0,0,0,0,0,0,1,0,1,0,0,0,0,0,2015,3,57.7,10,6.6,0,0,0.0174625278093071
"1175",0,0,0,0,0,0,0,0,0,0,0,1,0,0,0,0,0,1,0,2015,4,61.2,10,1.5,0,0,0.364134724184677
"1176",0,0,0,0,0,0,0,0,0,0,0,1,0,0,0,0,0,0,1,2015,5,64.9,10,2.5,0,0,0.741395643769639
"1177",0,0,0,0,0,0,0,0,0,0,0,1,0,0,0,0,1,0,0,2015,6,63.8,10,2.9,0,0,0.721003161629911
"1178",0,0,0,0,0,0,0,0,0,0,0,1,1,0,0,0,0,0,0,2015,7,66.6,8.3,3,0,1,1.72023478647657
"1179",0,0,0,0,0,0,0,0,0,0,0,1,0,0,1,0,0,0,0,2015,2,58.9,9.9,2.6,0.89,0,0.547667063442226
"1180",0,0,0,0,0,0,0,0,0,0,0,1,0,0,0,1,0,0,0,2015,1,59.3,10,2.8,0,0,-0.369994632845518
"1181",0,0,0,0,0,0,0,0,0,0,0,1,0,1,0,0,0,0,0,2015,3,64.4,10,3.7,0,0,-0.920591650618165
"1182",0,0,0,0,0,0,0,0,0,0,0,1,0,0,0,0,0,1,0,2015,4,65.8,9.9,2.5,0.01,0,1.31238514368201
"1183",0,0,0,0,0,0,0,0,0,0,0,1,0,0,0,0,0,0,1,2015,5,63.8,10,3.2,0,0,0.639433233071
"1184",0,0,0,0,0,0,0,0,0,0,0,1,0,0,0,0,1,0,0,2015,6,58.2,10,3.5,0,0,0.894339259817596
"1185",0,0,0,0,0,0,0,0,0,0,0,1,1,0,0,0,0,0,0,2015,7,58.5,10,4.9,0,0,0.822965572328549
"1186",0,0,0,0,0,0,0,0,0,0,0,1,0,0,1,0,0,0,0,2015,2,51.6,10,5,0,0,-0.308817186426335
"1187",0,0,0,0,0,0,0,0,0,0,0,1,0,0,0,1,0,0,0,2015,1,43.5,10,5,0,0,-0.451564561404429
"1188",0,0,0,0,0,0,0,0,0,0,0,1,0,1,0,0,0,0,0,2015,3,42.9,10,2.2,0,0,0.731199402699775
"1189",0,0,0,0,0,0,0,0,0,0,0,1,0,0,0,0,0,1,0,2015,4,56.2,10,5.7,0,0,1.21042273298337
"1190",0,0,0,0,0,0,0,0,0,0,0,1,0,0,0,0,0,0,1,2015,5,65,9.9,2.8,0,0,1.27160017940256
"1191",0,0,0,0,0,0,0,0,0,0,0,1,0,0,0,0,1,0,0,2015,6,65.4,9.7,4.1,0,0,0.721003161629911
"1192",0,0,0,0,0,0,0,0,0,0,0,1,1,0,0,0,0,0,0,2015,7,58.8,9.8,5,0,0,1.49591748293956
"1193",0,0,0,0,0,0,0,0,0,0,0,1,0,0,1,0,0,0,0,2015,2,48.4,10,4.1,0,0,-0.777844275640071
"1194",0,0,0,0,0,0,0,0,0,0,0,1,0,0,0,1,0,0,0,2015,1,59.1,9.7,4,0.02,0,-0.74725555243048
"1195",0,0,0,0,0,0,0,0,0,0,0,1,0,1,0,0,0,0,0,2015,3,51.8,10,3.9,0.03,0,1.04728287586555
"1196",0,0,0,0,0,0,0,0,0,0,0,1,0,0,0,0,0,1,0,2015,4,51.9,10,3.5,0,0,0.364134724184677
"1197",0,0,0,0,0,0,0,0,0,0,0,1,0,0,0,0,0,0,1,2015,5,58,7.2,6.3,0,1,0.955516706236779
"1198",0,0,0,0,0,0,0,0,0,0,0,1,0,0,0,0,1,0,0,2015,6,67.2,8.2,5.7,1.44,0,1.75082350968616
"1199",0,0,0,0,0,0,0,0,0,0,0,1,1,0,0,0,0,0,0,2015,7,55.8,10,5.4,0.04,0,0.945320465166915
"1200",0,0,0,0,0,0,0,0,0,0,0,1,0,0,1,0,0,0,0,2015,2,49.1,10,3,0,0,-2.42963532895801
"1201",0,0,0,0,0,0,0,0,0,0,1,0,0,0,0,1,0,0,0,2015,1,57.9,10,3.9,0,0,-2.88846617710188
"1202",0,0,0,0,0,0,0,0,0,0,1,0,0,1,0,0,0,0,0,2015,3,59.4,10,2.6,0,0,0.180602384927128
"1203",0,0,0,0,0,0,0,0,0,0,1,0,0,0,0,0,0,1,0,2015,4,60.6,10,1.6,0,0,0.608844509861409
"1204",0,0,0,0,0,0,0,0,0,0,1,0,0,0,0,0,0,0,1,2015,5,62.9,10,2.3,0,0,0.782180608049094
"1205",0,0,0,0,0,0,0,0,0,0,1,0,0,0,0,0,1,0,0,2015,6,62.8,4.7,1.9,0,0,0.965712947306643
"1206",0,0,0,0,0,0,0,0,0,0,1,0,1,0,0,0,0,0,0,2015,7,69.4,7.7,3.7,0.01,0,0.21119110813672
"1207",0,0,0,0,0,0,0,0,0,0,1,0,0,0,1,0,0,0,0,2015,2,64.9,9.9,3.6,0,0,-0.971572855967484
"1208",0,0,0,0,0,0,0,0,0,0,1,0,0,0,0,1,0,0,0,2015,1,51.9,10,4,0,0,-1.25706760592367
"1209",0,0,0,0,0,0,0,0,0,0,1,0,0,1,0,0,0,0,0,2015,3,51.1,10,1.7,0,0,0.200994867066856
"1210",0,0,0,0,0,0,0,0,0,0,1,0,0,0,0,0,0,1,0,2015,4,55,8,6.7,0,0,1.64886109898752
"1211",0,0,0,0,0,0,0,0,0,0,1,0,0,0,0,0,0,0,1,2015,5,52.7,6.7,6,0.69,0,-0.665685623871569
"1212",0,0,0,0,0,0,0,0,0,0,1,0,0,0,0,0,1,0,0,2015,6,55.4,9.3,3.6,0.43,0,0.42531217060386
"1213",0,0,0,0,0,0,0,0,0,0,1,0,1,0,0,0,0,0,0,2015,7,55.4,10,9.4,0.01,0,0.833161813398413
"1214",0,0,0,0,0,0,0,0,0,0,1,0,0,0,1,0,0,0,0,2015,2,46.4,10,8,0,0,0.180602384927128
"1215",0,0,0,0,0,0,0,0,0,0,1,0,0,0,0,1,0,0,0,2015,1,46.5,10,4.1,0,0,-0.971572855967484
"1216",0,0,0,0,0,0,0,0,0,0,1,0,0,1,0,0,0,0,0,2015,3,58.1,10,2.9,0,0,0.231583590276447
"1217",0,0,0,0,0,0,0,0,0,0,1,0,0,0,0,0,0,1,0,2015,4,47.5,10,6.4,0,0,0.90453550088746
"1218",0,0,0,0,0,0,0,0,0,0,1,0,0,0,0,0,0,0,1,2015,5,50.9,10,3.6,0,0,0.333546000975086
"1219",0,0,0,0,0,0,0,0,0,0,1,0,0,0,0,0,1,0,0,2015,6,59.5,8.7,5.4,0,0,2.05671074178207
"1220",0,0,0,0,0,0,0,0,0,0,1,0,1,0,0,0,0,0,0,2015,7,58.1,8.3,5.5,1.25,0,2.28102804531908
"1221",0,0,0,0,0,0,0,0,0,0,1,0,0,0,1,0,0,0,0,2015,2,46.4,10,4.9,0,0,0.0174625278093071
"1222",0,0,0,0,0,0,0,0,0,0,1,0,0,0,0,1,0,0,0,2015,1,51.2,9.9,5.1,0.03,0,-1.67511348978809
"1223",0,0,0,0,0,0,0,0,0,0,1,0,0,1,0,0,0,0,0,2015,3,39.8,10,5.6,0,0,1.10846032228474
"1224",0,0,0,0,0,0,0,0,0,0,1,0,0,0,0,0,0,1,0,2015,4,38.2,10,3.8,0,0,1.40415131331079
"1225",0,0,0,0,0,0,0,0,0,0,1,0,0,0,0,0,0,0,1,2015,5,42.5,10,2.3,0,0,1.24101145619297
"1226",0,0,0,0,0,0,0,0,0,0,1,0,0,0,0,0,1,0,0,2015,6,49,9.7,2.5,0,0,-2.16453306114155
"1227",0,0,0,0,0,0,0,0,0,0,1,0,1,0,0,0,0,0,0,2015,7,57.1,9.4,2.9,0,0,-1.17549767736476
"1228",0,0,0,0,0,0,0,0,0,1,0,0,1,0,0,0,0,0,0,2015,7,55.2,8,3.1,0,0,1.0064979115861
"1229",0,0,0,0,0,0,0,0,0,1,0,0,0,0,1,0,0,0,0,2015,2,59.6,7.1,2.7,0,0,-0.176266052518106
"1230",0,0,0,0,0,0,0,0,0,1,0,0,0,0,0,1,0,0,0,2015,1,61.8,6.5,2,0,0,-0.471957043544156
"1231",0,0,0,0,0,0,0,0,0,1,0,0,0,1,0,0,0,0,0,2015,3,56.8,6.3,4.6,0,0,0.42531217060386
"1232",0,0,0,0,0,0,0,0,0,1,0,0,0,0,0,0,0,1,0,2015,4,61.8,9,8.6,0.42,0,1.62846861684779
"1233",0,0,0,0,0,0,0,0,0,1,0,0,0,0,0,0,0,0,1,2015,5,50.6,10,5.9,0.09,0,0.792376849118958
"1234",0,0,0,0,0,0,0,0,0,1,0,0,0,0,0,0,1,0,0,2015,6,54.7,6.8,3.4,0.04,0,1.52650620614915
"1235",0,0,0,0,0,0,0,0,0,1,0,0,1,0,0,0,0,0,0,2015,7,51.9,8.7,5.5,1.21,0,1.75082350968616
"1236",0,0,0,0,0,0,0,0,0,1,0,0,0,0,1,0,0,0,0,2015,2,38.2,10,7.4,0,0,0.29276103669563
"1237",0,0,0,0,0,0,0,0,0,1,0,0,0,0,0,1,0,0,0,2015,1,38.6,10,5.8,0,0,-0.971572855967484
"1238",0,0,0,0,0,0,0,0,0,1,0,0,0,1,0,0,0,0,0,2015,3,45,10,6.1,0,0,0.170406143857264
"1239",0,0,0,0,0,0,0,0,0,1,0,0,0,0,0,0,0,1,0,2015,4,57.2,8.9,4.9,0,0,1.05747911693542
"1240",0,0,0,0,0,0,0,0,0,1,0,0,0,0,0,0,0,0,1,2015,5,56.4,4.3,3,0.19,0,2.13828067034098
"1241",0,0,0,0,0,0,0,0,0,1,0,0,0,0,0,0,1,0,0,2015,6,66.4,7.4,5.1,1.56,0,0.07863997422849
"1242",0,0,0,0,0,0,0,0,0,1,0,0,1,0,0,0,0,0,0,2015,7,62,9.2,0.7,0.01,0,-2.79670000747311
"1243",0,0,0,0,0,0,0,0,0,1,0,0,0,0,1,0,0,0,0,2015,2,54.5,9.9,5.9,0.01,0,-2.04217816830318
"1244",0,0,0,0,0,0,0,0,0,1,0,0,0,0,0,1,0,0,0,2015,1,52,6,4.5,0.12,0,-0.788040516709935
"1245",0,0,0,0,0,0,0,0,0,1,0,0,0,1,0,0,0,0,0,2015,3,43.6,9.9,7.1,0.02,0,-1.07353526666612
"1246",0,0,0,0,0,0,0,0,0,1,0,0,0,0,0,0,0,1,0,2015,4,39.3,5.8,6.8,0.33,0,-0.635096900661978
"1247",0,0,0,0,0,0,0,0,0,1,0,0,0,0,0,0,0,0,1,2015,5,41.3,5.4,3,0.15,0,-0.96137661489762
"1248",1,0,0,0,0,0,0,0,0,0,0,0,1,0,0,0,0,0,0,2016,7,40.4,10,6.5,0.03,0,-2.48897843179126
"1249",1,0,0,0,0,0,0,0,0,0,0,0,0,0,1,0,0,0,0,2016,2,35.8,10,6,0,0,-2.18333426216484
"1250",1,0,0,0,0,0,0,0,0,0,0,0,0,0,0,1,0,0,0,2016,1,38.4,10,6.4,0,0,-2.07793972091434
"1251",1,0,0,0,0,0,0,0,0,0,0,0,0,1,0,0,0,0,0,2016,3,30.8,10,7,0,0,-0.296771973781044
"1252",1,0,0,0,0,0,0,0,0,0,0,0,0,0,0,0,0,1,0,2016,4,18.4,10,6.2,0,0,0.114266737095872
"1253",1,0,0,0,0,0,0,0,0,0,0,0,0,0,0,0,0,0,1,2016,5,31.2,10,2.4,0,0,-0.043825074779865
"1254",1,0,0,0,0,0,0,0,0,0,0,0,0,0,0,0,1,0,0,2016,6,37.9,10,2.9,0,0,-0.918599767158941
"1255",1,0,0,0,0,0,0,0,0,0,0,0,1,0,0,0,0,0,0,2016,7,40.2,10,4.3,0,0,-0.286232519655995
"1256",1,0,0,0,0,0,0,0,0,0,0,0,0,0,1,0,0,0,0,2016,2,43.3,9.3,7.4,0,0,-0.792126317658352
"1257",1,0,0,0,0,0,0,0,0,0,0,0,0,0,0,1,0,0,0,2016,1,50.4,5.3,8.2,0.77,0,-1.76175609716287
"1258",1,0,0,0,0,0,0,0,0,0,0,0,0,1,0,0,0,0,0,2016,3,35.2,10,9.4,1.03,0,0.535844902097836
"1259",1,0,0,0,0,0,0,0,0,0,0,0,0,0,0,0,0,1,0,2016,4,32.2,10,4.6,0,0,0.0826483747207243
"1260",1,0,0,0,0,0,0,0,0,0,0,0,0,0,0,0,0,0,1,2016,5,27.1,10,9.4,0,0,-0.254614157280847
"1261",1,0,0,0,0,0,0,0,0,0,0,0,0,0,0,0,1,0,0,2016,6,27.9,10,5.1,0,0,-0.33892979028124
"1262",1,0,0,0,0,0,0,0,0,0,0,0,1,0,0,0,0,0,0,2016,7,41.2,9.5,3.8,0,0,0.978501975349899
"1263",1,0,0,0,0,0,0,0,0,0,0,0,0,0,0,1,0,0,0,2016,1,37.3,8.6,5.8,0.03,1,-1.87769009253841
"1264",1,0,0,0,0,0,0,0,0,0,0,0,0,1,0,0,0,0,0,2016,3,27.1,8.9,7.5,0.05,0,-1.56150646878694
"1265",1,0,0,0,0,0,0,0,0,0,0,0,0,0,0,0,0,1,0,2016,4,21.1,10,10.4,0,0,0.346134727846952
"1266",1,0,0,0,0,0,0,0,0,0,0,0,0,0,0,0,0,0,1,2016,5,30.7,10,5.6,0,0,-0.0649039830299633
"1267",1,0,0,0,0,0,0,0,0,0,0,0,0,0,0,0,1,0,0,2016,6,30.9,10,5,0,0,0.388292544347149
"1268",1,0,0,0,0,0,0,0,0,0,0,0,1,0,0,0,0,0,0,2016,7,25.9,10,5.3,0,0,0.767712892848917
"1269",1,0,0,0,0,0,0,0,0,0,0,0,0,0,1,0,0,0,0,2016,2,26.2,1.7,12.8,0.5,1,-2.39412334466582
"1270",1,0,0,0,0,0,0,0,0,0,0,0,0,0,0,1,0,0,0,2016,1,26.7,7.4,6.3,1.82,1,-1.18208612028517
"1271",1,0,0,0,0,0,0,0,0,0,0,0,0,1,0,0,0,0,0,2016,3,32.7,9.6,2.9,0,0,0.303976911346756
"1272",1,0,0,0,0,0,0,0,0,0,0,0,0,0,0,0,0,1,0,2016,4,41.4,9.8,5.1,0,0,1.10497542485049
"1273",1,0,0,0,0,0,0,0,0,0,0,0,0,0,0,0,0,0,1,2016,5,43.9,9.9,6.2,0,0,0.430450360847345
"1274",1,0,0,0,0,0,0,0,0,0,0,0,0,0,0,0,1,0,0,2016,6,37,10,4.1,0,0,0.546384356222885
"1275",1,0,0,0,0,0,0,0,0,0,0,0,1,0,0,0,0,0,0,2016,7,38.3,9.5,5.5,0,0,0.166964007721117
"1276",1,0,0,0,0,0,0,0,0,0,0,0,0,0,1,0,0,0,0,2016,2,32.8,10,6,0,0,-0.349469244406289
"1277",1,0,0,0,0,0,0,0,0,0,0,0,0,0,0,1,0,0,0,2016,1,42.6,10,5.6,0,0,-1.02399430840943
"1278",0,1,0,0,0,0,0,0,0,0,0,0,0,1,0,0,0,0,0,2016,3,52.1,9.8,5,0,0,0.915265250599604
"1279",0,1,0,0,0,0,0,0,0,0,0,0,0,0,0,0,0,1,0,2016,4,44.5,10,3.4,0.01,0,0.862567979974359
"1280",0,1,0,0,0,0,0,0,0,0,0,0,0,0,0,0,0,0,1,2016,5,48.8,7.7,4.7,0,0,-0.528639964532124
"1281",0,1,0,0,0,0,0,0,0,0,0,0,0,0,0,0,1,0,0,2016,6,54.7,9.1,5,0.73,0,-0.212456340780651
"1282",0,1,0,0,0,0,0,0,0,0,0,0,1,0,0,0,0,0,0,2016,7,37.4,6.1,7.4,0.38,1,-0.233535249030749
"1283",0,1,0,0,0,0,0,0,0,0,0,0,0,0,1,0,0,0,0,2016,2,34.6,10,5,0.15,0,-0.802665771783401
"1284",0,1,0,0,0,0,0,0,0,0,0,0,0,0,0,1,0,0,0,2016,1,39.1,10,4,0,0,-2.17279480803979
"1285",0,1,0,0,0,0,0,0,0,0,0,0,0,1,0,0,0,0,0,2016,3,36,8.8,9.5,0,0,-1.35071738628596
"1286",0,1,0,0,0,0,0,0,0,0,0,0,0,0,0,0,0,1,0,2016,4,30.4,9.4,4.7,0.05,0,-0.612955597532517
"1287",0,1,0,0,0,0,0,0,0,0,0,0,0,0,0,0,0,0,1,2016,5,34.8,7.5,3.8,0.01,0,-0.971297037784187
"1288",0,1,0,0,0,0,0,0,0,0,0,0,0,0,0,0,1,0,0,2016,6,26.1,9.5,8,0,0,-0.0754434371550124
"1289",0,1,0,0,0,0,0,0,0,0,0,0,1,0,0,0,0,0,0,2016,7,20.4,10,6.6,0,0,-0.0122067124047177
"1290",0,1,0,0,0,0,0,0,0,0,0,0,0,0,1,0,0,0,0,2016,2,19.3,10,9.4,0,0,-1.57204592291199
"1291",0,1,0,0,0,0,0,0,0,0,0,0,0,0,0,0,0,1,0,2016,4,45,4.1,6.5,0.46,1,-0.149219616030356
"1292",0,1,0,0,0,0,0,0,0,0,0,0,0,0,0,0,0,0,1,2016,5,39.1,10,6.7,0.99,0,-1.09777048728478
"1293",0,1,0,0,0,0,0,0,0,0,0,0,0,0,0,0,1,0,0,2016,6,32.5,10,5.9,0,0,-0.391627060906486
"1294",0,1,0,0,0,0,0,0,0,0,0,0,1,0,0,0,0,0,0,2016,7,30.1,10,5.2,0,0,-1.02399430840943
"1295",0,1,0,0,0,0,0,0,0,0,0,0,0,0,1,0,0,0,0,2016,2,47.7,10,6,0,0,-0.781586863533303
"1296",0,1,0,0,0,0,0,0,0,0,0,0,0,0,0,1,0,0,0,2016,1,52.8,10,4.3,0,0,-1.56150646878694
"1297",0,1,0,0,0,0,0,0,0,0,0,0,0,1,0,0,0,0,0,2016,3,45.3,10,4.5,0.03,0,-0.149219616030356
"1298",0,1,0,0,0,0,0,0,0,0,0,0,0,0,0,0,0,1,0,2016,4,38,8.4,10.9,0,0,-0.0649039830299633
"1299",0,1,0,0,0,0,0,0,0,0,0,0,0,0,0,0,0,0,1,2016,5,40.7,2.9,11,0.43,0,0.325055819596854
"1300",0,1,0,0,0,0,0,0,0,0,0,0,0,0,0,0,1,0,0,2016,6,52.6,8.5,6.9,1.11,0,0.356674181972001
"1301",0,1,0,0,0,0,0,0,0,0,0,0,1,0,0,0,0,0,0,2016,7,35.5,10,8.3,0.02,0,-1.61420373941218
"1302",0,1,0,0,0,0,0,0,0,0,0,0,0,0,1,0,0,0,0,2016,2,31.9,10,5.2,0,0,-2.54167570241651
"1303",0,1,0,0,0,0,0,0,0,0,0,0,0,0,0,1,0,0,0,2016,1,46,10,6.4,0,0,-1.26640175328556
"1304",0,1,0,0,0,0,0,0,0,0,0,0,0,1,0,0,0,0,0,2016,3,52.8,9.7,7.1,0,0,-0.138680161905307
"1305",0,0,1,0,0,0,0,0,0,0,0,0,0,0,0,0,0,1,0,2016,4,45.6,10,6.5,0.05,0,0.346134727846952
"1306",0,0,1,0,0,0,0,0,0,0,0,0,0,0,0,0,0,0,1,2016,5,45.8,9.1,8.9,0.14,0,0.25127964072151
"1307",0,0,1,0,0,0,0,0,0,0,0,0,0,0,0,0,1,0,0,2016,6,30.3,10,5.8,0,0,-0.043825074779865
"1308",0,0,1,0,0,0,0,0,0,0,0,0,1,0,0,0,0,0,0,2016,7,33.4,6.5,6.2,0.07,0,0.588542172723082
"1309",0,0,1,0,0,0,0,0,0,0,0,0,0,0,1,0,0,0,0,2016,2,33.8,10,5.1,0.04,0,-0.296771973781044
"1310",0,0,1,0,0,0,0,0,0,0,0,0,0,0,0,1,0,0,0,2016,1,37.3,10,2.7,0,0,-1.361256840411
"1311",0,0,1,0,0,0,0,0,0,0,0,0,0,1,0,0,0,0,0,2016,3,45.2,9,6.1,0,0,-0.612955597532517
"1312",0,0,1,0,0,0,0,0,0,0,0,0,0,0,0,0,0,1,0,2016,4,55.1,9.2,3.3,0,0,0.0299511040954788
"1313",0,0,1,0,0,0,0,0,0,0,0,0,0,0,0,0,0,0,1,2016,5,57.2,6.6,1.8,0,0,0.325055819596854
"1314",0,0,1,0,0,0,0,0,0,0,0,0,0,0,0,0,1,0,0,2016,6,70.5,9.9,4.4,0,0,-0.00166725827966857
"1315",0,0,1,0,0,0,0,0,0,0,0,0,1,0,0,0,0,0,0,2016,7,61.6,9.7,5.3,0.06,0,0.451529269097443
"1316",0,0,1,0,0,0,0,0,0,0,0,0,0,0,1,0,0,0,0,2016,2,50.1,10,4.4,0,0,-0.043825074779865
"1317",0,0,1,0,0,0,0,0,0,0,0,0,0,0,0,1,0,0,0,2016,1,56.7,10,3.7,0,0,-2.0463213585392
"1318",0,0,1,0,0,0,0,0,0,0,0,0,0,1,0,0,0,0,0,2016,3,46.3,7.7,9.6,0.02,0,0.114266737095872
"1319",0,0,1,0,0,0,0,0,0,0,0,0,0,0,0,0,0,1,0,2016,4,48,8.3,7.7,0.27,0,-0.2229957949057
"1320",0,0,1,0,0,0,0,0,0,0,0,0,0,0,0,0,0,0,1,2016,5,54.5,9.6,2.6,0,0,-0.00166725827966857
"1321",0,0,1,0,0,0,0,0,0,0,0,0,0,0,0,0,1,0,0,2016,6,52,9.8,4.4,0.02,0,-0.180837978405504
"1322",0,0,1,0,0,0,0,0,0,0,0,0,1,0,0,0,0,0,0,2016,7,52,10,7.1,0,0,0.156424553596068
"1323",0,0,1,0,0,0,0,0,0,0,0,0,0,0,1,0,0,0,0,2016,2,42.3,10,4.1,0,0,-0.93967867540904
"1324",0,0,1,0,0,0,0,0,0,0,0,0,0,0,0,1,0,0,0,2016,1,37.8,10,8.8,0,0,-1.58258537703704
"1325",0,0,1,0,0,0,0,0,0,0,0,0,0,1,0,0,0,0,0,2016,3,38.6,6.7,6.4,0.13,0,-0.128140707780258
"1326",0,0,1,0,0,0,0,0,0,0,0,0,0,0,0,0,0,1,0,2016,4,43.2,10,6.6,0.06,0,-0.0122067124047177
"1327",0,0,1,0,0,0,0,0,0,0,0,0,0,0,0,0,0,0,1,2016,5,57,10,5.9,0,0,-0.0859828912800615
"1328",0,0,1,0,0,0,0,0,0,0,0,0,0,0,0,0,1,0,0,2016,6,49.8,9.8,8,0,0,0.0615694664706261
"1329",0,0,1,0,0,0,0,0,0,0,0,0,1,0,0,0,0,0,0,2016,7,57.7,7.2,3.2,0,0,-0.876441950658745
"1330",0,0,1,0,0,0,0,0,0,0,0,0,0,0,1,0,0,0,0,2016,2,46.3,10,5.8,0.04,0,-1.04507321665953
"1331",0,0,1,0,0,0,0,0,0,0,0,0,0,0,0,1,0,0,0,2016,1,45.7,10,4.2,0,0,-1.79337445953802
"1332",0,0,1,0,0,0,0,0,0,0,0,0,0,1,0,0,0,0,0,2016,3,47.2,6.7,6.7,0.14,0,0.303976911346756
"1333",0,0,1,0,0,0,0,0,0,0,0,0,0,0,0,0,0,1,0,2016,4,48.5,10,11.5,0.24,0,0.567463264472984
"1334",0,0,1,0,0,0,0,0,0,0,0,0,0,0,0,0,0,0,1,2016,5,44.5,10,4.9,0,0,0.219661278346363
"1335",0,0,1,0,0,0,0,0,0,0,0,0,0,0,0,0,1,0,0,2016,6,58.4,10,6.1,0,0,0.240740186596461
"1336",0,0,0,1,0,0,0,0,0,0,0,0,1,0,0,0,0,0,0,2016,7,67.3,9.7,4.8,0.01,0,0.767712892848917
"1337",0,0,0,1,0,0,0,0,0,0,0,0,0,0,1,0,0,0,0,2016,2,55.4,9.4,3.3,0.01,0,-0.33892979028124
"1338",0,0,0,1,0,0,0,0,0,0,0,0,0,0,0,1,0,0,0,2016,1,41,10,10.4,0.25,0,-0.46540323978183
"1339",0,0,0,1,0,0,0,0,0,0,0,0,0,1,0,0,0,0,0,2016,3,39.7,7.3,4.8,0.01,0,0.567463264472984
"1340",0,0,0,1,0,0,0,0,0,0,0,0,0,0,0,0,0,1,0,2016,4,33,10,7.9,0.46,0,0.451529269097443
"1341",0,0,0,1,0,0,0,0,0,0,0,0,0,0,0,0,0,0,1,2016,5,37.9,10,4.9,0,0,-0.0122067124047177
"1342",0,0,0,1,0,0,0,0,0,0,0,0,0,0,0,0,1,0,0,2016,6,52.4,9.3,5.8,0,0,0.00887219584538054
"1343",0,0,0,1,0,0,0,0,0,0,0,0,1,0,0,0,0,0,0,2016,7,47.3,10,6.7,0.09,0,0.704476168098622
"1344",0,0,0,1,0,0,0,0,0,0,0,0,0,0,1,0,0,0,0,2016,2,40,9.1,4.9,0.01,0,-0.760507955283205
"1345",0,0,0,1,0,0,0,0,0,0,0,0,0,0,0,1,0,0,0,2016,1,39.6,10,4.4,0.11,0,-1.37179629453605
"1346",0,0,0,1,0,0,0,0,0,0,0,0,0,1,0,0,0,0,0,2016,3,50.9,9.3,5.6,0,0,-0.0543645289049141
"1347",0,0,0,1,0,0,0,0,0,0,0,0,0,0,0,0,0,1,0,2016,4,54,9.1,5.3,0.04,0,0.0931878288457735
"1348",0,0,0,1,0,0,0,0,0,0,0,0,0,0,0,0,0,0,1,2016,5,47.7,10,4.1,0.17,0,0.746633984598818
"1349",0,0,0,1,0,0,0,0,0,0,0,0,0,0,0,0,1,0,0,2016,6,50.5,10,4.9,0,0,0.472608177347542
"1350",0,0,0,1,0,0,0,0,0,0,0,0,1,0,0,0,0,0,0,2016,7,51.7,10,3.5,0,0,1.09443597072544
"1351",0,0,0,1,0,0,0,0,0,0,0,0,0,0,1,0,0,0,0,2016,2,53.2,10,4.5,0,0,0.525305447972787
"1352",0,0,0,1,0,0,0,0,0,0,0,0,0,0,0,1,0,0,0,2016,1,56.1,10,2.3,0,0,-0.644573959907665
"1353",0,0,0,1,0,0,0,0,0,0,0,0,0,1,0,0,0,0,0,2016,3,63.8,10,2.8,0,0,0.60962108097318
"1354",0,0,0,1,0,0,0,0,0,0,0,0,0,0,0,0,0,1,0,2016,4,66.3,10,6.4,0,0,1.08389651660039
"1355",0,0,0,1,0,0,0,0,0,0,0,0,0,0,0,0,0,0,1,2016,5,58.5,10,5.8,0,0,0.715015622223671
"1356",0,0,0,1,0,0,0,0,0,0,0,0,0,0,0,0,1,0,0,2016,6,59.5,10,4.8,0,0,0.683397259848524
"1357",0,0,0,1,0,0,0,0,0,0,0,0,1,0,0,0,0,0,0,2016,7,70.3,9.7,3.6,0,0,1.17875160372583
"1358",0,0,0,1,0,0,0,0,0,0,0,0,0,0,1,0,0,0,0,2016,2,65.6,8.2,5.6,0.15,0,0.209121824221314
"1359",0,0,0,1,0,0,0,0,0,0,0,0,0,0,0,1,0,0,0,2016,1,56.2,10,6.2,0.01,0,-1.90930845491356
"1360",0,0,0,1,0,0,0,0,0,0,0,0,0,1,0,0,0,0,0,2016,3,58,10,3.6,0,0,-1.48773028991159
"1361",0,0,0,1,0,0,0,0,0,0,0,0,0,0,0,0,0,1,0,2016,4,54.9,6.8,5.2,0.17,0,-1.58258537703704
"1362",0,0,0,1,0,0,0,0,0,0,0,0,0,0,0,0,0,0,1,2016,5,51.3,9.8,4.3,0.07,0,-1.25586229916051
"1363",0,0,0,1,0,0,0,0,0,0,0,0,0,0,0,0,1,0,0,2016,6,52.6,9.9,4.8,0,0,-1.47719083578654
"1364",0,0,0,1,0,0,0,0,0,0,0,0,1,0,0,0,0,0,0,2016,7,51.4,10,4.3,0,0,-1.18208612028517
"1365",0,0,0,1,0,0,0,0,0,0,0,0,0,0,1,0,0,0,0,2016,2,52.7,9.9,4.9,0.05,0,-0.507561056282026
"1366",0,0,0,0,1,0,0,0,0,0,0,0,0,0,0,1,0,0,0,2016,1,49,7.9,4,0,0,-1.52988810641179
"1367",0,0,0,0,1,0,0,0,0,0,0,0,0,1,0,0,0,0,0,2016,3,50.1,5,2.2,0.16,0,-0.423245423281633
"1368",0,0,0,0,1,0,0,0,0,0,0,0,0,0,0,0,0,1,0,2016,4,53.3,5.2,5.1,0.59,0,0.862567979974359
"1369",0,0,0,0,1,0,0,0,0,0,0,0,0,0,0,0,0,0,1,2016,5,50.4,7.7,6.3,0.07,0,0.25127964072151
"1370",0,0,0,0,1,0,0,0,0,0,0,0,0,0,0,0,1,0,0,2016,6,50.9,9.5,7.5,0.01,0,-0.0332856206548159
"1371",0,0,0,0,1,0,0,0,0,0,0,0,1,0,0,0,0,0,0,2016,7,50.7,7.8,7.8,0.24,1,1.04173870010019
"1372",0,0,0,0,1,0,0,0,0,0,0,0,0,0,1,0,0,0,0,2016,2,52.2,7.5,4.8,0.3,0,-0.612955597532517
"1373",0,0,0,0,1,0,0,0,0,0,0,0,0,0,0,1,0,0,0,2016,1,55.6,8.1,3.7,0.11,0,-0.402166515031535
"1374",0,0,0,0,1,0,0,0,0,0,0,0,0,1,0,0,0,0,0,2016,3,61.8,10,3.5,0.05,0,0.177503461846166
"1375",0,0,0,0,1,0,0,0,0,0,0,0,0,0,0,0,0,1,0,2016,4,57.6,10,4.5,0,0,-0.2229957949057
"1376",0,0,0,0,1,0,0,0,0,0,0,0,0,0,0,0,0,0,1,2016,5,62.4,10,2.8,0,0,0.736094530473769
"1377",0,0,0,0,1,0,0,0,0,0,0,0,0,0,0,0,1,0,0,2016,6,66.5,10,2.5,0,0,1.21036996610098
"1378",0,0,0,0,1,0,0,0,0,0,0,0,0,0,0,0,1,0,0,2016,6,60.3,10,1.2,0,0,0.683397259848524
"1379",0,0,0,0,1,0,0,0,0,0,0,0,1,0,0,0,0,0,0,2016,7,63.4,10,3.1,0,0,1.61086922285285
"1380",0,0,0,0,1,0,0,0,0,0,0,0,0,0,1,0,0,0,0,2016,2,61.7,9.8,3.1,0,0,-0.644573959907665
"1381",0,0,0,0,1,0,0,0,0,0,0,0,0,0,0,1,0,0,0,2016,1,59.7,9.7,3.7,0.13,0,-0.612955597532517
"1382",0,0,0,0,1,0,0,0,0,0,0,0,0,1,0,0,0,0,0,2016,3,64.4,9.2,1.9,0.09,0,0.240740186596461
"1383",0,0,0,0,1,0,0,0,0,0,0,0,0,0,0,0,0,1,0,2016,4,63.9,7.9,2.3,0.17,0,0.693936713973573
"1384",0,0,0,0,1,0,0,0,0,0,0,0,0,0,0,0,0,0,1,2016,5,73.2,9,3,0.03,0,1.09443597072544
"1385",0,0,0,0,1,0,0,0,0,0,0,0,0,0,0,0,1,0,0,2016,6,79.3,8.3,3.3,0,0,1.18929105785088
"1386",0,0,0,0,1,0,0,0,0,0,0,0,1,0,0,0,0,0,0,2016,7,78.1,7.5,3.1,0,0,1.45277741097711
"1387",0,0,0,0,1,0,0,0,0,0,0,0,0,0,1,0,0,0,0,2016,2,79.6,7.7,4.4,0,0,-0.0227461665297668
"1388",0,0,0,0,1,0,0,0,0,0,0,0,0,0,0,1,0,0,0,2016,1,77.9,9,4.2,0,0,-0.665652868157763
"1389",0,0,0,0,1,0,0,0,0,0,0,0,0,1,0,0,0,0,0,2016,3,73,7.2,2.6,1.65,1,-1.66690101003743
"1390",0,0,0,0,1,0,0,0,0,0,0,0,0,0,0,0,0,1,0,2016,4,76,8.6,3.6,0,0,1.37900123210177
"1391",0,0,0,0,0,1,0,0,0,0,0,0,0,0,0,0,0,0,1,2016,5,75.3,8.3,4.6,0,0,1.50547468160235
"1392",0,0,0,0,0,1,0,0,0,0,0,0,0,0,0,0,1,0,0,2016,6,68.4,7.8,4.4,0,0,0.567463264472984
"1393",0,0,0,0,0,1,0,0,0,0,0,0,1,0,0,0,0,0,0,2016,7,65.4,5.9,1.5,0.01,0,0.85202852584931
"1394",0,0,0,0,0,1,0,0,0,0,0,0,0,0,1,0,0,0,0,2016,2,72.4,6.4,2.1,0.03,0,0.0615694664706261
"1395",0,0,0,0,0,1,0,0,0,0,0,0,0,0,0,1,0,0,0,2016,1,67.5,5.4,3.5,0.4,1,-1.71959828066267
"1396",0,0,0,0,0,1,0,0,0,0,0,0,0,1,0,0,0,0,0,2016,3,72.6,7.5,4.5,0.91,0,1.35792232385167
"1397",0,0,0,0,0,1,0,0,0,0,0,0,0,0,0,0,0,1,0,2016,4,76.4,8.7,4.4,0,0,0.841489071724261
"1398",0,0,0,0,0,1,0,0,0,0,0,0,0,0,0,0,0,0,1,2016,5,61.8,8.7,6.2,0,0,1.41061959447691
"1399",0,0,0,0,0,1,0,0,0,0,0,0,0,0,0,0,1,0,0,2016,6,61.7,9.7,8,0.45,0,0.599081626848131
"1400",0,0,0,0,0,1,0,0,0,0,0,0,1,0,0,0,0,0,0,2016,7,66.2,10,5.7,0,0,1.99028957135461
"1401",0,0,0,0,0,1,0,0,0,0,0,0,0,0,1,0,0,0,0,2016,2,72.1,9.6,2.5,0,0,-0.475942693906879
"1402",0,0,0,0,0,1,0,0,0,0,0,0,0,0,0,1,0,0,0,2016,1,79.4,9.7,5.6,0,0,-0.444324331531731
"1403",0,0,0,0,0,1,0,0,0,0,0,0,0,1,0,0,0,0,0,2016,3,64.9,10,7.1,0,0,0.177503461846166
"1404",0,0,0,0,0,1,0,0,0,0,0,0,0,0,0,0,0,1,0,2016,4,68,10,4.1,0,0,0.925804704724653
"1405",0,0,0,0,0,1,0,0,0,0,0,0,0,0,0,0,0,0,1,2016,5,73.2,10,2.2,0,0,1.15767269547573
"1406",0,0,0,0,0,1,0,0,0,0,0,0,0,0,0,0,1,0,0,2016,6,70.6,7.2,1.5,0.2,0,0.630699989223278
"1407",0,0,0,0,0,1,0,0,0,0,0,0,1,0,0,0,0,0,0,2016,7,70.2,9.1,3.5,0.02,0,1.25252778260118
"1408",0,0,0,0,0,1,0,0,0,0,0,0,0,0,1,0,0,0,0,2016,2,71.3,9.8,2.8,0,0,0.746633984598818
"1409",0,0,0,0,0,1,0,0,0,0,0,0,0,0,0,1,0,0,0,2016,1,74.2,9.4,2,0,0,-0.739429047033107
"1410",0,0,0,0,0,1,0,0,0,0,0,0,0,1,0,0,0,0,0,2016,3,72.8,8.9,2.9,0,0,1.22090942022603
"1411",0,0,0,0,0,1,0,0,0,0,0,0,0,0,0,0,0,1,0,2016,4,79.2,9.4,4.3,0,0,0.546384356222885
"1412",0,0,0,0,0,1,0,0,0,0,0,0,0,0,0,0,0,0,1,2016,5,77.2,9.8,4.1,0,0,1.28414614497632
"1413",0,0,0,0,0,1,0,0,0,0,0,0,0,0,0,0,1,0,0,2016,6,75.2,9,1.5,0,0,0.145885099471019
"1414",0,0,0,0,0,1,0,0,0,0,0,0,1,0,0,0,0,0,0,2016,7,74.6,8.8,4.8,0,0,1.91651339247927
"1415",0,0,0,0,0,1,0,0,0,0,0,0,0,0,1,0,0,0,0,2016,2,73.1,9.2,3.7,0,0,0.620160535098229
"1416",0,0,0,0,0,1,0,0,0,0,0,0,0,0,0,1,0,0,0,2016,1,74.7,9,1.4,0,0,-0.497021602156977
"1417",0,0,0,0,0,1,0,0,0,0,0,0,0,1,0,0,0,0,0,2016,3,74.3,9.2,4.5,0,0,0.936344158849703
"1418",0,0,0,0,0,1,0,0,0,0,0,0,0,0,0,0,0,1,0,2016,4,71.1,5.7,2.9,0.54,0,0.483147631472591
"1419",0,0,0,0,0,1,0,0,0,0,0,0,0,0,0,0,0,0,1,2016,5,73.9,7.5,1.9,0.04,0,0.60962108097318
"1420",0,0,0,0,0,1,0,0,0,0,0,0,0,0,0,0,1,0,0,2016,6,75.7,10,2.2,0.01,0,1.38954068622681
"1421",0,0,0,0,0,0,1,0,0,0,0,0,1,0,0,0,0,0,0,2016,7,74.5,8.1,3.2,0,1,1.29468559910137
"1422",0,0,0,0,0,0,1,0,0,0,0,0,0,0,1,0,0,0,0,2016,2,70.3,8.7,4.6,0.83,0,-0.623495051657566
"1423",0,0,0,0,0,0,1,0,0,0,0,0,0,0,0,1,0,0,0,2016,1,72.1,10,2.3,0,0,-1.90930845491356
"1424",0,0,0,0,0,0,1,0,0,0,0,0,0,1,0,0,0,0,0,2016,3,74.1,9.3,3.4,0,0,-1.48773028991159
"1425",0,0,0,0,0,0,1,0,0,0,0,0,0,0,0,0,0,1,0,2016,4,75.4,6.7,2.3,1.15,1,0.356674181972001
"1426",0,0,0,0,0,0,1,0,0,0,0,0,0,0,0,0,0,0,1,2016,5,83.3,9.2,2.3,0.66,0,0.535844902097836
"1427",0,0,0,0,0,0,1,0,0,0,0,0,0,0,0,0,1,0,0,2016,6,82.7,7.5,1.7,0,0,-0.275693065530946
"1428",0,0,0,0,0,0,1,0,0,0,0,0,1,0,0,0,0,0,0,2016,7,79.2,7.2,3.6,0.04,0,-0.180837978405504
"1429",0,0,0,0,0,0,1,0,0,0,0,0,0,0,1,0,0,0,0,2016,2,69.1,7.9,4.1,0.08,0,-1.3823357486611
"1430",0,0,0,0,0,0,1,0,0,0,0,0,0,0,0,1,0,0,0,2016,1,71.5,6.9,3.6,0.53,0,-1.27694120741061
"1431",0,0,0,0,0,0,1,0,0,0,0,0,0,1,0,0,0,0,0,2016,3,72.8,10,3.3,0,0,-0.117601253655209
"1432",0,0,0,0,0,0,1,0,0,0,0,0,0,0,0,0,0,1,0,2016,4,74.1,9.7,2.9,0,0,0.346134727846952
"1433",0,0,0,0,0,0,1,0,0,0,0,0,0,0,0,0,0,0,1,2016,5,76.2,9.4,4.1,0,0,-0.233535249030749
"1434",0,0,0,0,0,0,1,0,0,0,0,0,0,0,0,0,1,0,0,2016,6,78.7,7.4,3,0,1,1.17875160372583
"1435",0,0,0,0,0,0,1,0,0,0,0,0,1,0,0,0,0,0,0,2016,7,83,8.3,3.1,0.62,0,1.77950048885363
"1436",0,0,0,0,0,0,1,0,0,0,0,0,0,0,1,0,0,0,0,2016,2,81.6,9,3.8,0,0,-0.0649039830299633
"1437",0,0,0,0,0,0,1,0,0,0,0,0,0,0,0,1,0,0,0,2016,1,81,8.8,2.9,0,0,-0.58133723515737
"1438",0,0,0,0,0,0,1,0,0,0,0,0,0,1,0,0,0,0,0,2016,3,81.9,8.1,4.4,0,0,1.01012033772505
"1439",0,0,0,0,0,0,1,0,0,0,0,0,0,0,0,0,0,1,0,2016,4,77.7,9.3,4.5,0.35,0,0.736094530473769
"1440",0,0,0,0,0,0,1,0,0,0,0,0,0,0,0,0,0,0,1,2016,5,76.5,9.7,3.1,0,0,0.72555507634872
"1441",0,0,0,0,0,0,1,0,0,0,0,0,0,0,0,0,1,0,0,2016,6,78.3,8.8,3.6,0,0,1.07335706247534
"1442",0,0,0,0,0,0,1,0,0,0,0,0,1,0,0,0,0,0,0,2016,7,82.8,7.6,5.8,0,0,1.47385631922721
"1443",0,0,0,0,0,0,1,0,0,0,0,0,0,0,1,0,0,0,0,2016,2,87.2,8.7,5,0,0,0.219661278346363
"1444",0,0,0,0,0,0,1,0,0,0,0,0,0,0,0,1,0,0,0,2016,1,84,9.3,3,0,0,-0.665652868157763
"1445",0,0,0,0,0,0,1,0,0,0,0,0,0,1,0,0,0,0,0,2016,3,82.3,7.3,3.3,0,1,0.72555507634872
"1446",0,0,0,0,0,0,1,0,0,0,0,0,0,0,0,0,0,1,0,2016,4,78.9,7.8,3.7,1,0,0.620160535098229
"1447",0,0,0,0,0,0,1,0,0,0,0,0,0,0,0,0,0,0,1,2016,5,82.6,9.3,2.3,0,0,0.641239443348327
"1448",0,0,0,0,0,0,1,0,0,0,0,0,0,0,0,0,1,0,0,2016,6,83.2,8.1,2.4,0,0,0.841489071724261
"1449",0,0,0,0,0,0,1,0,0,0,0,0,1,0,0,0,0,0,0,2016,7,76.1,5.1,4,0.94,1,1.52655358985245
"1450",0,0,0,0,0,0,1,0,0,0,0,0,0,0,1,0,0,0,0,2016,2,77,6,3,0.15,0,-0.317850882031142
"1451",0,0,0,0,0,0,1,0,0,0,0,0,0,0,0,1,0,0,0,2016,1,74.9,5.4,3.3,0.26,0,-1.05561267078458
"1452",0,0,0,0,0,0,0,1,0,0,0,0,0,1,0,0,0,0,0,2016,3,72.8,7.5,5.4,1.07,0,-0.634034505782615
"1453",0,0,0,0,0,0,0,1,0,0,0,0,0,0,0,0,0,1,0,2016,4,73,9.4,6.1,0,0,-0.286232519655995
"1454",0,0,0,0,0,0,0,1,0,0,0,0,0,0,0,0,0,0,1,2016,5,71.5,9.4,2.6,0,0,0.60962108097318
"1455",0,0,0,0,0,0,0,1,0,0,0,0,0,0,0,0,1,0,0,2016,6,72.9,9.2,1.8,0,0,0.904725796474555
"1456",0,0,0,0,0,0,0,1,0,0,0,0,1,0,0,0,0,0,0,2016,7,74.5,9.2,3.2,0,0,0.746633984598818
"1457",0,0,0,0,0,0,0,1,0,0,0,0,0,0,1,0,0,0,0,2016,2,78,8.2,4.5,0,0,-0.539179418657173
"1458",0,0,0,0,0,0,0,1,0,0,0,0,0,0,0,1,0,0,0,2016,1,79,9.7,3.2,0.05,0,-0.93967867540904
"1459",0,0,0,0,0,0,0,1,0,0,0,0,0,1,0,0,0,0,0,2016,3,78.6,9.4,1.7,0,0,0.0299511040954788
"1460",0,0,0,0,0,0,0,1,0,0,0,0,0,0,0,0,0,1,0,2016,4,78.2,9.3,1.8,0,0,0.219661278346363
"1461",0,0,0,0,0,0,0,1,0,0,0,0,0,0,0,0,0,0,1,2016,5,79.7,8.4,3.4,0.01,0,-0.117601253655209
"1462",0,0,0,0,0,0,0,1,0,0,0,0,0,0,0,0,1,0,0,2016,6,84.3,8,4.3,0.08,0,0.451529269097443
"1463",0,0,0,0,0,0,0,1,0,0,0,0,1,0,0,0,0,0,0,2016,7,82.4,7.6,4,0.47,0,1.05227815422524
"1464",0,0,0,0,0,0,0,1,0,0,0,0,0,0,1,0,0,0,0,2016,2,86.9,8.3,4.1,0.32,0,-0.159759070155405
"1465",0,0,0,0,0,0,0,1,0,0,0,0,0,0,0,1,0,0,0,2016,1,87.8,8.8,3.5,0,0,-1.13992830378497
"1466",0,0,0,0,0,0,0,1,0,0,0,0,0,1,0,0,0,0,0,2016,3,82.6,9.4,2.7,0.06,0,0.145885099471019
"1467",0,0,0,0,0,0,0,1,0,0,0,0,0,0,0,0,0,1,0,2016,4,82.5,8.1,2.6,0,0,0.156424553596068
"1468",0,0,0,0,0,0,0,1,0,0,0,0,0,0,0,0,0,0,1,2016,5,80.8,8.7,5.8,0.12,0,0.303976911346756
"1469",0,0,0,0,0,0,0,1,0,0,0,0,0,0,0,0,1,0,0,2016,6,78.8,9.1,1.8,0.03,0,0.0615694664706261
"1470",0,0,0,0,0,0,0,1,0,0,0,0,1,0,0,0,0,0,0,2016,7,80,8.8,1.7,0,0,0.820410163474162
"1471",0,0,0,0,0,0,0,1,0,0,0,0,0,0,1,0,0,0,0,2016,2,76.7,7.2,3.9,0.01,1,-0.528639964532124
"1472",0,0,0,0,0,0,0,1,0,0,0,0,0,0,0,1,0,0,0,2016,1,78,7.9,3,0.82,1,-1.23478339091041
"1473",0,0,0,0,0,0,0,1,0,0,0,0,0,1,0,0,0,0,0,2016,3,73.7,9.3,5.3,0.31,0,0.419910906722296
"1474",0,0,0,0,0,0,0,1,0,0,0,0,0,0,0,0,0,1,0,2016,4,71.2,9.9,1.9,0,0,0.0826483747207243
"1475",0,0,0,0,0,0,0,1,0,0,0,0,0,0,0,0,0,0,1,2016,5,76.9,9.4,2.1,0,0,0.0615694664706261
"1476",0,0,0,0,0,0,0,1,0,0,0,0,0,0,0,1,0,0,0,2016,1,78.5,9.4,1.8,0,0,-0.739429047033107
"1477",0,0,0,0,0,0,0,1,0,0,0,0,0,1,0,0,0,0,0,2016,3,80.6,9.4,3.9,0,0,0.462068723222492
"1478",0,0,0,0,0,0,0,1,0,0,0,0,0,0,0,0,0,1,0,2016,4,77,9.8,3.7,0,0,-0.0754434371550124
"1479",0,0,0,0,0,0,0,1,0,0,0,0,0,0,0,0,0,0,1,2016,5,78.9,8.3,2.5,0,0,0.335595273721903
"1480",0,0,0,0,0,0,0,0,1,0,0,0,0,0,0,0,1,0,0,2016,6,73.9,6.5,1.6,0.04,1,0.483147631472591
"1481",0,0,0,0,0,0,0,0,1,0,0,0,1,0,0,0,0,0,0,2016,7,72.6,9.7,4.7,0.46,0,0.715015622223671
"1482",0,0,0,0,0,0,0,0,1,0,0,0,0,0,1,0,0,0,0,2016,2,71.2,10,5.9,0,0,-1.3823357486611
"1483",0,0,0,0,0,0,0,0,1,0,0,0,0,0,0,1,0,0,0,2016,1,70.8,10,5.9,0,0,-1.71959828066267
"1484",0,0,0,0,0,0,0,0,1,0,0,0,0,1,0,0,0,0,0,2016,3,72.8,10,5.9,0,0,-2.21495262453998
"1485",0,0,0,0,0,0,0,0,1,0,0,0,0,0,0,0,0,1,0,2016,4,76.7,10,8.8,0,0,-0.0332856206548159
"1486",0,0,0,0,0,0,0,0,1,0,0,0,0,0,0,0,0,0,1,2016,5,76,9.5,7,0,0,0.198582370096265
"1487",0,0,0,0,0,0,0,0,1,0,0,0,0,0,0,0,1,0,0,2016,6,78.2,8.2,2,0,0,0.925804704724653
"1488",0,0,0,0,0,0,0,0,1,0,0,0,1,0,0,0,0,0,0,2016,7,85,9,3.2,0,0,0.904725796474555
"1489",0,0,0,0,0,0,0,0,1,0,0,0,0,0,1,0,0,0,0,2016,2,81.1,6.5,3.4,0.22,0,-0.328390336156191
"1490",0,0,0,0,0,0,0,0,1,0,0,0,0,0,0,1,0,0,0,2016,1,79.4,8.8,5.1,0,0,-0.960757583659138
"1491",0,0,0,0,0,0,0,0,1,0,0,0,0,1,0,0,0,0,0,2016,3,69.5,10,4.2,0,0,0.198582370096265
"1492",0,0,0,0,0,0,0,0,1,0,0,0,0,0,0,0,0,1,0,2016,4,70.8,9.8,2.7,0,0,1.5792508604777
"1493",0,0,0,0,0,0,0,0,1,0,0,0,0,0,0,0,0,0,1,2016,5,75.7,8.9,4.3,0,1,1.5792508604777
"1494",0,0,0,0,0,0,0,0,1,0,0,0,0,0,0,0,1,0,0,2016,6,68,10,5,0.56,0,1.34738286972662
"1495",0,0,0,0,0,0,0,0,1,0,0,0,1,0,0,0,0,0,0,2016,7,66.2,10,2.2,0,0,1.58979031460275
"1496",0,0,0,0,0,0,0,0,1,0,0,0,0,0,1,0,0,0,0,2016,2,67.1,9.9,2.6,0,0,0.177503461846166
"1497",0,0,0,0,0,0,0,0,1,0,0,0,0,0,0,1,0,0,0,2016,1,74.3,8.9,3.1,0,0,-0.992375946034285
"1498",0,0,0,0,0,0,0,0,1,0,0,0,0,1,0,0,0,0,0,2016,3,72.7,6.8,2.5,0.24,0,0.535844902097836
"1499",0,0,0,0,0,0,0,0,1,0,0,0,0,0,0,0,0,1,0,2016,4,72.9,8.8,2.1,0.44,0,-0.10706179953016
"1500",0,0,0,0,0,0,0,0,1,0,0,0,0,0,0,0,0,0,1,2016,5,75.3,9.3,3,0,0,-0.0859828912800615
"1501",0,0,0,0,0,0,0,0,1,0,0,0,0,0,0,0,1,0,0,2016,6,74.2,10,2.1,0,0,0.325055819596854
"1502",0,0,0,0,0,0,0,0,1,0,0,0,1,0,0,0,0,0,0,2016,7,74,9.6,1.3,0,0,1.92705284660432
"1503",0,0,0,0,0,0,0,0,1,0,0,0,0,0,1,0,0,0,0,2016,2,65.8,9.1,4.7,0.21,0,-0.180837978405504
"1504",0,0,0,0,0,0,0,0,1,0,0,0,0,0,0,1,0,0,0,2016,1,61.3,10,2.7,0.2,0,-0.602416143407468
"1505",0,0,0,0,0,0,0,0,1,0,0,0,0,1,0,0,0,0,0,2016,3,63.1,10,3.2,0,0,-0.0649039830299633
"1506",0,0,0,0,0,0,0,0,1,0,0,0,0,0,0,0,0,1,0,2016,4,68.1,8.5,3.3,0.22,0,0.314516365471805
"1507",0,0,0,0,0,0,0,0,1,0,0,0,0,0,0,0,0,0,1,2016,5,64.4,8,5.7,0,0,0.0826483747207243
"1508",0,0,0,0,0,0,0,0,1,0,0,0,0,0,0,0,1,0,0,2016,6,60.6,8.7,8.8,0,0,-0.0543645289049141
"1509",0,0,0,0,0,0,0,0,1,0,0,0,1,0,0,0,0,0,0,2016,7,58.6,6.6,9,0,0,2.55942009410727
"1510",0,0,0,0,0,0,0,0,0,0,0,1,0,0,1,0,0,0,0,2016,2,58.4,8.8,7,0.4,0,-0.507561056282026
"1511",0,0,0,0,0,0,0,0,0,0,0,1,0,0,0,1,0,0,0,2016,1,59.6,8.5,3.5,0,0,-1.50880919816169
"1512",0,0,0,0,0,0,0,0,0,0,0,1,0,1,0,0,0,0,0,2016,3,64.6,7.2,1.8,0,0,-1.4666513816615
"1513",0,0,0,0,0,0,0,0,0,0,0,1,0,0,0,0,0,1,0,2016,4,64.5,9.5,5.3,0,0,-1.11884939553487
"1514",0,0,0,0,0,0,0,0,0,0,0,1,0,0,0,0,0,0,1,2016,5,60,10,5.2,0,0,0.693936713973573
"1515",0,0,0,0,0,0,0,0,0,0,0,1,0,0,0,0,1,0,0,2016,6,62.1,8.7,1.9,0,0,1.42115904860196
"1516",0,0,0,0,0,0,0,0,0,0,0,1,1,0,0,0,0,0,0,2016,7,63.4,7.5,1.8,0,0,1.31576450735147
"1517",0,0,0,0,0,0,0,0,0,0,0,1,0,0,1,0,0,0,0,2016,2,63,7.7,1.4,0,0,0.0404905582205279
"1518",0,0,0,0,0,0,0,0,0,0,0,1,0,0,0,1,0,0,0,2016,1,58,6.1,5.2,0.44,0,-1.57204592291199
"1519",0,0,0,0,0,0,0,0,0,0,0,1,0,1,0,0,0,0,0,2016,3,54.3,10,4.6,0.34,0,-0.950218129534089
"1520",0,0,0,0,0,0,0,0,0,0,0,1,0,0,0,0,0,1,0,2016,4,53.4,10,3.2,0,0,1.15767269547573
"1521",0,0,0,0,0,0,0,0,0,0,0,1,0,0,0,0,0,0,1,2016,5,57.9,9.8,1.2,0,0,-1.3823357486611
"1522",0,0,0,0,0,0,0,0,0,0,0,1,0,0,0,0,1,0,0,2016,6,60.1,8.3,1.8,0,0,1.34738286972662
"1523",0,0,0,0,0,0,0,0,0,0,0,1,1,0,0,0,0,0,0,2016,7,54.4,10,4.1,0,0,1.45277741097711
"1524",0,0,0,0,0,0,0,0,0,0,0,1,0,0,1,0,0,0,0,2016,2,54,10,2.7,0,0,0.124806191220921
"1525",0,0,0,0,0,0,0,0,0,0,0,1,0,0,0,1,0,0,0,2016,1,59.6,9.4,3.1,0,0,-1.32963847803586
"1526",0,0,0,0,0,0,0,0,0,0,0,1,0,1,0,0,0,0,0,2016,3,69.4,8.6,3.1,0,0,-0.46540323978183
"1527",0,0,0,0,0,0,0,0,0,0,0,1,0,0,0,0,0,1,0,2016,4,73.1,8.3,2.8,0,0,-0.412705969156584
"1528",0,0,0,0,0,0,0,0,0,0,0,1,0,0,0,0,0,0,1,2016,5,74.8,9.1,4.3,0,0,0.49368708559764
"1529",0,0,0,0,0,0,0,0,0,0,0,1,0,0,0,0,1,0,0,2016,6,66.6,9.2,5.4,0,0,0.346134727846952
"1530",0,0,0,0,0,0,0,0,0,0,0,1,1,0,0,0,0,0,0,2016,7,67.5,5.9,2.4,0,1,2.33809155748123
"1531",0,0,0,0,0,0,0,0,0,0,0,1,0,0,1,0,0,0,0,2016,2,53.4,7.7,7.7,1.32,0,-0.00166725827966857
"1532",0,0,0,0,0,0,0,0,0,0,0,1,0,0,0,1,0,0,0,2016,1,52.4,10,7.8,0.08,0,-1.00291540015933
"1533",0,0,0,0,0,0,0,0,0,0,0,1,0,1,0,0,0,0,0,2016,3,56.1,10,5.3,0,0,-0.591876689282419
"1534",0,0,0,0,0,0,0,0,0,0,0,1,0,0,0,0,0,1,0,2016,4,48.6,10,5.2,0,0,-0.665652868157763
"1535",0,0,0,0,0,0,0,0,0,0,0,1,0,0,0,0,0,0,1,2016,5,44.2,10,4,0,0,0.809870709349113
"1536",0,0,0,0,0,0,0,0,0,0,0,1,0,0,0,0,1,0,0,2016,6,44.2,7.6,4.6,0,0,2.12730247498025
"1537",0,0,0,0,0,0,0,0,0,0,0,1,1,0,0,0,0,0,0,2016,7,47.8,7.9,6.7,1.41,0,1.77950048885363
"1538",0,0,0,0,0,0,0,0,0,0,0,1,0,0,1,0,0,0,0,2016,2,49.2,10,3.2,0,0,-0.159759070155405
"1539",0,0,0,0,0,0,0,0,0,0,0,1,0,0,0,1,0,0,0,2016,1,65.4,8.7,4.4,0,1,-0.760507955283205
"1540",0,0,0,0,0,0,0,0,0,0,0,1,0,1,0,0,0,0,0,2016,3,50.7,9.8,4.3,0.56,0,0.272358548971608
"1541",0,0,0,0,0,0,0,0,0,0,1,0,0,0,0,0,0,1,0,2016,4,48.9,10,2.9,0,0,1.08389651660039
"1542",0,0,0,0,0,0,0,0,0,0,1,0,0,0,0,0,0,0,1,2016,5,59.7,9.6,3,0,0,0.3777530902221
"1543",0,0,0,0,0,0,0,0,0,0,1,0,0,0,0,0,1,0,0,2016,6,65.3,7.8,3.8,0,0,0.630699989223278
"1544",0,0,0,0,0,0,0,0,0,0,1,0,1,0,0,0,0,0,0,2016,7,56.2,10,4.3,0,0,1.5581719522276
"1545",0,0,0,0,0,0,0,0,0,0,1,0,0,0,1,0,0,0,0,2016,2,52,10,3.1,0,0,-0.0332856206548159
"1546",0,0,0,0,0,0,0,0,0,0,1,0,0,0,0,1,0,0,0,2016,1,54.4,10,5.7,0,0,-1.02399430840943
"1547",0,0,0,0,0,0,0,0,0,0,1,0,0,1,0,0,0,0,0,2016,3,46.6,10,5.5,0,0,0.736094530473769
"1548",0,0,0,0,0,0,0,0,0,0,1,0,0,0,0,0,0,1,0,2016,4,52,10,1.9,0,0,-0.0965223454051106
"1549",0,0,0,0,0,0,0,0,0,0,1,0,0,0,0,0,0,0,1,2016,5,56.4,7.7,2.4,0,0,-0.929139221283991
"1550",0,0,0,0,0,0,0,0,0,0,1,0,0,0,0,0,1,0,0,2016,6,48.5,10,4.8,0.06,0,0.809870709349113
"1551",0,0,0,0,0,0,0,0,0,0,1,0,1,0,0,0,0,0,0,2016,7,53.4,10,7.6,0,0,0.3777530902221
"1552",0,0,0,0,0,0,0,0,0,0,1,0,0,0,1,0,0,0,0,2016,2,42.9,10,4.5,0,0,-0.275693065530946
"1553",0,0,0,0,0,0,0,0,0,0,1,0,0,0,0,1,0,0,0,2016,1,49,10,4.4,0,0,-1.17154666616012
"1554",0,0,0,0,0,0,0,0,0,0,1,0,0,1,0,0,0,0,0,2016,3,53.6,10,4,0,0,0.409371452597247
"1555",0,0,0,0,0,0,0,0,0,0,1,0,0,0,0,0,0,1,0,2016,4,51.4,6.8,4.7,0.18,1,1.17875160372583
"1556",0,0,0,0,0,0,0,0,0,0,1,0,0,0,0,0,0,0,1,2016,5,51.6,9.8,4.1,1.63,0,0.799331255224064
"1557",0,0,0,0,0,0,0,0,0,0,1,0,0,0,0,0,1,0,0,2016,6,54.3,9.8,3.8,0,0,0.820410163474162
"1558",0,0,0,0,0,0,0,0,0,0,1,0,1,0,0,0,0,0,0,2016,7,52.5,10,2,0,0,1.54763249810255
"1559",0,0,0,0,0,0,0,0,0,0,1,0,0,0,1,0,0,0,0,2016,2,55.2,9.9,3.3,0,0,0.662318351598426
"1560",0,0,0,0,0,0,0,0,0,0,1,0,0,0,0,1,0,0,0,2016,1,41.2,8.5,7.9,0.56,0,-1.05561267078458
"1561",0,0,0,0,0,0,0,0,0,0,1,0,0,1,0,0,0,0,0,2016,3,38.2,9.8,10.9,0.31,0,0.578002718598033
"1562",0,0,0,0,0,0,0,0,0,0,1,0,0,0,0,0,0,1,0,2016,4,38.4,10,9.5,0,0,1.43169850272701
"1563",0,0,0,0,0,0,0,0,0,0,1,0,0,0,0,0,0,0,1,2016,5,38.8,10,5.5,0,0,1.87435557597907
"1564",0,0,0,0,0,0,0,0,0,0,1,0,0,0,0,0,1,0,0,2016,6,43.2,10,3.9,0,0,-2.12009753741454
"1565",0,0,0,0,0,0,0,0,0,0,1,0,1,0,0,0,0,0,0,2016,7,48.6,7,2.1,0.03,0,-1.83553227603821
"1566",0,0,0,0,0,0,0,0,0,0,1,0,0,0,1,0,0,0,0,2016,2,47.7,8,3.4,0.02,0,-1.75121664303782
"1567",0,0,0,0,0,0,0,0,0,0,1,0,0,0,0,1,0,0,0,2016,1,43.5,10,4,0,0,-1.71959828066267
"1568",0,0,0,0,0,0,0,0,0,0,1,0,0,1,0,0,0,0,0,2016,3,44.3,9.9,3.3,0,0,0.188042915971215
"1569",0,0,0,0,0,0,0,0,0,0,1,0,0,0,0,0,0,1,0,2016,4,54.2,6.4,3.8,0,1,1.29468559910137
"1570",0,0,0,0,0,0,0,0,0,0,1,0,0,0,0,0,0,0,1,2016,5,55.8,5.6,4,2.2,0,1.06281760835029
"1571",0,0,0,0,0,0,0,0,0,1,0,0,0,0,0,0,1,0,0,2016,6,51.4,7.5,7.3,0.8,0,1.10497542485049
"1572",0,0,0,0,0,0,0,0,0,1,0,0,1,0,0,0,0,0,0,2016,7,44.7,10,7.4,0.07,0,0.641239443348327
"1573",0,0,0,0,0,0,0,0,0,1,0,0,0,0,1,0,0,0,0,2016,2,44.3,10,7.6,0,0,-0.391627060906486
"1574",0,0,0,0,0,0,0,0,0,1,0,0,0,0,0,1,0,0,0,2016,1,42.2,10,5.1,0,0,-1.55096701466189
"1575",0,0,0,0,0,0,0,0,0,1,0,0,0,1,0,0,0,0,0,2016,3,42.8,8.6,5.2,0.17,0,1.70572430997829
"1576",0,0,0,0,0,0,0,0,0,1,0,0,0,0,0,0,0,1,0,2016,4,42.7,10,3.5,0.02,0,0.862567979974359
"1577",0,0,0,0,0,0,0,0,0,1,0,0,0,0,0,0,0,0,1,2016,5,41.3,6.7,4.7,0.44,0,0.0826483747207243
"1578",0,0,0,0,0,0,0,0,0,1,0,0,0,0,0,0,1,0,0,2016,6,42.2,9.9,3.3,0.09,0,0.0615694664706261
"1579",0,0,0,0,0,0,0,0,0,1,0,0,1,0,0,0,0,0,0,2016,7,36,10,8.7,0,0,0.757173438723868
"1580",0,0,0,0,0,0,0,0,0,1,0,0,0,0,1,0,0,0,0,2016,2,31.5,10,6.1,0,0,-0.781586863533303
"1581",0,0,0,0,0,0,0,0,0,1,0,0,0,0,0,1,0,0,0,2016,1,30.8,9.2,3.3,0,0,-1.12938884965992
"1582",0,0,0,0,0,0,0,0,0,1,0,0,0,1,0,0,0,0,0,2016,3,38.8,6.3,4.6,0.46,0,0.3777530902221
"1583",0,0,0,0,0,0,0,0,0,1,0,0,0,0,0,0,0,1,0,2016,4,39.6,10,4.1,0.07,0,0.00887219584538054
"1584",0,0,0,0,0,0,0,0,0,1,0,0,0,0,0,0,0,0,1,2016,5,39.4,9.6,4.3,0,0,0.630699989223278
"1585",0,0,0,0,0,0,0,0,0,1,0,0,0,0,0,0,1,0,0,2016,6,27.7,9.8,8.7,0,0,1.26306723672623
"1586",0,0,0,0,0,0,0,0,0,1,0,0,1,0,0,0,0,0,0,2016,7,20.7,10,5.9,0,0,1.71626376410334
"1587",0,0,0,0,0,0,0,0,0,1,0,0,0,0,1,0,0,0,0,2016,2,29.9,5.6,3.7,0.18,0,-0.0649039830299633
"1588",0,0,0,0,0,0,0,0,0,1,0,0,0,0,0,1,0,0,0,2016,1,45.5,6.1,5.2,0.57,1,-1.13992830378497
"1589",0,0,0,0,0,0,0,0,0,1,0,0,0,1,0,0,0,0,0,2016,3,28.4,10,6.8,0.02,0,0.978501975349899
"1590",0,0,0,0,0,0,0,0,0,1,0,0,0,0,0,0,0,1,0,2016,4,25.8,10,2.6,0,0,0.946883612974752
"1591",0,0,0,0,0,0,0,0,0,1,0,0,0,0,0,0,0,0,1,2016,5,34.3,10,3.2,0,0,0.49368708559764
"1592",0,0,0,0,0,0,0,0,0,1,0,0,0,0,0,0,1,0,0,2016,6,41.6,10,4.5,0,0,0.746633984598818
"1593",0,0,0,0,0,0,0,0,0,1,0,0,1,0,0,0,0,0,0,2016,7,41.8,10,5.9,0,0,0.662318351598426
"1594",0,0,0,0,0,0,0,0,0,1,0,0,0,0,1,0,0,0,0,2016,2,42.1,7.9,4.9,0.02,0,-0.792126317658352
"1595",0,0,0,0,0,0,0,0,0,1,0,0,0,0,0,1,0,0,0,2016,1,43.9,10,4.9,0.45,0,-2.78408314729263
"1596",0,0,0,0,0,0,0,0,0,1,0,0,0,1,0,0,0,0,0,2016,3,37.5,9.2,5.9,0,0,-2.47843897766621
"1597",0,0,0,0,0,0,0,0,0,1,0,0,0,0,0,0,0,1,0,2016,4,54.7,9.7,6.5,0.02,0,-0.634034505782615
"1598",0,0,0,0,0,0,0,0,0,1,0,0,0,0,0,0,0,0,1,2016,5,39.7,10,5.2,0,0,-0.876441950658745
"1599",0,0,0,0,0,0,0,0,0,1,0,0,0,0,0,0,1,0,0,2016,6,38.9,8,3.4,0,0,-0.918599767158941
"1600",0,0,0,0,0,0,0,0,0,1,0,0,1,0,0,0,0,0,0,2016,7,37.3,9.9,7.6,0.39,1,-0.486482148031928
"1601",0,0,0,0,0,0,0,0,0,1,0,0,0,0,1,0,0,0,0,2016,2,36.4,10,6.4,0.01,0,-1.73013773478772
"1602",1,0,0,0,0,0,0,0,0,0,0,0,0,0,0,1,0,0,0,2017,1,44.8,10,5,0,0,-1.46867662902662
"1603",1,0,0,0,0,0,0,0,0,0,0,0,0,1,0,0,0,0,0,2017,3,39.3,8.5,6.7,0,0,-1.8313238272811
"1604",1,0,0,0,0,0,0,0,0,0,0,0,0,0,0,0,0,1,0,2017,4,40.1,3.8,11.2,0.3,0,0.284118162536698
"1605",1,0,0,0,0,0,0,0,0,0,0,0,0,0,0,0,0,0,1,2017,5,44.6,7.9,6.1,0.49,0,-0.410955634117723
"1606",1,0,0,0,0,0,0,0,0,0,0,0,0,0,0,0,1,0,0,2017,6,31.4,10,7,0,0,-0.793749898941896
"1607",1,0,0,0,0,0,0,0,0,0,0,0,1,0,0,0,0,0,0,2017,7,30.2,8,4.4,0.04,1,-0.310220301269256
"1608",1,0,0,0,0,0,0,0,0,0,0,0,0,0,1,0,0,0,0,2017,2,23,5.7,6.2,0.01,1,2.67154555104536
"1609",1,0,0,0,0,0,0,0,0,0,0,0,0,0,0,1,0,0,0,2017,1,20.1,7.9,7.5,0.32,0,-2.26448575852951
"1610",1,0,0,0,0,0,0,0,0,0,0,0,0,1,0,0,0,0,0,2017,3,18.6,10,4.6,0,0,0.384853495385165
"1611",1,0,0,0,0,0,0,0,0,0,0,0,0,0,0,0,0,1,0,2017,4,27.7,10,4,0,0,-0.340440901123796
"1612",1,0,0,0,0,0,0,0,0,0,0,0,0,0,0,0,0,0,1,2017,5,45.8,9.5,5.3,0.26,0,-0.0180878360087023
"1613",1,0,0,0,0,0,0,0,0,0,0,0,0,0,0,0,1,0,0,2017,6,55.6,8.9,6.3,0.31,0,0.153162229833691
"1614",1,0,0,0,0,0,0,0,0,0,0,0,1,0,0,0,0,0,0,2017,7,51.4,10,6.4,0.05,0,-0.269926168129869
"1615",1,0,0,0,0,0,0,0,0,0,0,0,0,0,1,0,0,0,0,2017,2,31.1,8.4,4.1,0,1,-1.36794129617816
"1616",1,0,0,0,0,0,0,0,0,0,0,0,0,0,0,1,0,0,0,2017,1,33,8.5,3.7,0.12,0,-1.41830896260239
"1617",1,0,0,0,0,0,0,0,0,0,0,0,0,1,0,0,0,0,0,2017,3,35,10,3.1,0,0,-1.5492648953054
"1618",1,0,0,0,0,0,0,0,0,0,0,0,0,0,0,0,0,1,0,2017,4,40,6.6,3.8,0,0,0.263971095967004
"1619",1,0,0,0,0,0,0,0,0,0,0,0,0,0,0,0,0,0,1,2017,5,39.2,6.2,6.3,0.41,0,-0.823970498796436
"1620",1,0,0,0,0,0,0,0,0,0,0,0,0,0,0,0,1,0,0,2017,6,42.1,10,3,0.06,0,-0.209484968420789
"1621",1,0,0,0,0,0,0,0,0,0,0,0,1,0,0,0,0,0,0,2017,7,41.9,9.3,4,0,0,-0.259852634845022
"1622",1,0,0,0,0,0,0,0,0,0,0,0,0,0,1,0,0,0,0,2017,2,42.9,5.3,4,0.1,0,-1.56941196187509
"1623",1,0,0,0,0,0,0,0,0,0,0,0,0,0,0,1,0,0,0,2017,1,44.5,3.4,3.7,0,1,-2.21411809210528
"1624",1,0,0,0,0,0,0,0,0,0,0,0,0,1,0,0,0,0,0,2017,3,41.2,9.2,15.5,0.05,0,0.364706428815471
"1625",1,0,0,0,0,0,0,0,0,0,0,0,0,0,0,0,0,1,0,2017,4,36.2,4.3,10.6,1.66,0,-0.672867499523736
"1626",1,0,0,0,0,0,0,0,0,0,0,0,0,0,0,0,0,0,1,2017,5,40.5,9.8,6.4,0.68,0,-0.551985100105576
"1627",1,0,0,0,0,0,0,0,0,0,0,0,0,0,0,0,1,0,0,2017,6,49.2,9.8,5.1,0,0,-0.682941032808583
"1628",1,0,0,0,0,0,0,0,0,0,0,0,1,0,0,0,0,0,0,2017,7,41.8,10,7.8,0.02,0,-0.481470367111649
"1629",1,0,0,0,0,0,0,0,0,0,0,0,0,0,1,0,0,0,0,2017,2,36.6,10,7.1,0,0,-1.30750009646908
"1630",1,0,0,0,0,0,0,0,0,0,0,0,0,0,0,1,0,0,0,2017,1,38.4,10,5.8,0,0,-2.04286802626288
"1631",1,0,0,0,0,0,0,0,0,0,0,0,0,1,0,0,0,0,0,2017,3,34.6,10,4.9,0,0,-0.864264631935823
"1632",1,0,0,0,0,0,0,0,0,0,0,0,0,0,0,0,0,1,0,2017,4,29.3,7.5,4.4,0,1,-0.602352766529809
"1633",0,1,0,0,0,0,0,0,0,0,0,0,0,0,0,0,0,0,1,2017,5,39.6,9.2,4.1,0.06,0,-0.572132166675269
"1634",0,1,0,0,0,0,0,0,0,0,0,0,0,0,0,0,1,0,0,2017,6,39.5,10,4.7,0,0,-0.451249767257109
"1635",0,1,0,0,0,0,0,0,0,0,0,0,1,0,0,0,0,0,0,2017,7,30.6,10,5.2,0,0,-0.219558501705636
"1636",0,1,0,0,0,0,0,0,0,0,0,0,0,0,1,0,0,0,0,2017,2,27.6,10,7.7,0,0,-0.904558765075209
"1637",0,1,0,0,0,0,0,0,0,0,0,0,0,0,0,1,0,0,0,2017,1,35.2,10,6.3,0,0,-2.03279449297804
"1638",0,1,0,0,0,0,0,0,0,0,0,0,0,1,0,0,0,0,0,2017,3,41.6,10,5.5,0,0,-0.632573366384349
"1639",0,1,0,0,0,0,0,0,0,0,0,0,0,0,0,0,0,1,0,2017,4,39.3,5.5,5.3,0.06,0,-0.0483084358632423
"1640",0,1,0,0,0,0,0,0,0,0,0,0,0,0,0,0,0,0,1,2017,5,45.9,4.8,3.9,0.24,1,0.425147628524551
"1641",0,1,0,0,0,0,0,0,0,0,0,0,0,0,0,0,1,0,0,2017,6,33.3,5.2,9.2,0.34,1,-1.24705889676
"1642",0,1,0,0,0,0,0,0,0,0,0,0,1,0,0,0,0,0,0,2017,7,24.2,10,8.2,0.82,0,0.777721293494185
"1643",0,1,0,0,0,0,0,0,0,0,0,0,0,0,1,0,0,0,0,2017,2,37.3,9.6,4.4,0,0,-1.20676476362061
"1644",0,1,0,0,0,0,0,0,0,0,0,0,0,0,0,1,0,0,0,2017,1,34.7,6.2,6.4,0.04,0,-1.93205916012957
"1645",0,1,0,0,0,0,0,0,0,0,0,0,0,1,0,0,0,0,0,2017,3,35.2,9.8,9.9,0.44,0,0.112868096694304
"1646",0,1,0,0,0,0,0,0,0,0,0,0,0,0,0,0,0,1,0,2017,4,32.6,10,5.5,0.02,0,0.576250627797251
"1647",0,1,0,0,0,0,0,0,0,0,0,0,0,0,0,0,0,0,1,2017,5,40.3,9.4,4.6,0,0,-0.279999701414716
"1648",0,1,0,0,0,0,0,0,0,0,0,0,0,0,0,0,1,0,0,2017,6,33.6,10,8.9,0,0,0.213603429542771
"1649",0,1,0,0,0,0,0,0,0,0,0,0,1,0,0,0,0,0,0,2017,7,32.1,10,8.3,0,0,0.495662361518478
"1650",0,1,0,0,0,0,0,0,0,0,0,0,0,0,1,0,0,0,0,2017,2,45.7,10,4.2,0,0,-0.612426299814656
"1651",0,1,0,0,0,0,0,0,0,0,0,0,0,0,0,1,0,0,0,2017,1,59.9,10,5.9,0,0,-1.94213269341442
"1652",0,1,0,0,0,0,0,0,0,0,0,0,0,1,0,0,0,0,0,2017,3,50.5,10,5.7,0,0,-2.04286802626288
"1653",0,1,0,0,0,0,0,0,0,0,0,0,0,0,0,0,0,1,0,2017,4,40.8,10,5.5,0,0,-1.48882369559632
"1654",0,1,0,0,0,0,0,0,0,0,0,0,0,0,0,0,0,0,1,2017,5,47.2,9.8,3.5,0,0,-1.5492648953054
"1655",0,1,0,0,0,0,0,0,0,0,0,0,0,0,0,0,1,0,0,2017,6,53,8.5,2.2,0,0,-0.501617433681343
"1656",0,1,0,0,0,0,0,0,0,0,0,0,1,0,0,0,0,0,0,2017,7,62.7,9.9,5.1,0,0,0.263971095967004
"1657",0,1,0,0,0,0,0,0,0,0,0,0,0,0,1,0,0,0,0,2017,2,57.3,8.7,5.4,0,1,-0.582205699960116
"1658",0,1,0,0,0,0,0,0,0,0,0,0,0,0,0,1,0,0,0,2017,1,41.5,9.2,7.6,0.54,0,-1.7003678945781
"1659",0,1,0,0,0,0,0,0,0,0,0,0,0,1,0,0,0,0,0,2017,3,42.2,10,6,0,0,-0.914632298360056
"1660",0,1,0,0,0,0,0,0,0,0,0,0,0,0,0,0,0,1,0,2017,4,51.1,9.8,3.2,0,0,-0.400882100832876
"1661",0,0,1,0,0,0,0,0,0,0,0,0,0,0,0,0,0,0,1,2017,5,58.6,8.6,4.5,0,0,-0.602352766529809
"1662",0,0,1,0,0,0,0,0,0,0,0,0,0,0,0,0,1,0,0,2017,6,52,10,10,0.12,0,0.223676962827618
"1663",0,0,1,0,0,0,0,0,0,0,0,0,1,0,0,0,0,0,0,2017,7,34.5,10,6.5,0,0,1.15044202503351
"1664",0,0,1,0,0,0,0,0,0,0,0,0,0,0,1,0,0,0,0,2017,2,25.1,10,8.1,0,0,-0.954926431499443
"1665",0,0,1,0,0,0,0,0,0,0,0,0,0,0,0,1,0,0,0,2017,1,22.8,10,6.1,0,0,-1.42838249588724
"1666",0,0,1,0,0,0,0,0,0,0,0,0,0,1,0,0,0,0,0,2017,3,33.5,10,2.6,0,0,-0.128896702142016
"1667",0,0,1,0,0,0,0,0,0,0,0,0,0,0,0,0,0,1,0,2017,4,45.6,8.7,3.8,0,0,0.062500430270071
"1668",0,0,1,0,0,0,0,0,0,0,0,0,0,0,0,0,0,0,1,2017,5,54.2,9.9,5.4,0.12,0,-0.219558501705636
"1669",0,0,1,0,0,0,0,0,0,0,0,0,0,0,0,0,1,0,0,2017,6,55.5,10,8.3,0.02,0,0.344559362245778
"1670",0,0,1,0,0,0,0,0,0,0,0,0,1,0,0,0,0,0,0,2017,7,39.2,7.2,5.9,0,1,-0.189337901851096
"1671",0,0,1,0,0,0,0,0,0,0,0,0,0,0,1,0,0,0,0,2017,2,23.2,10,8.6,0.31,0,-0.834044032081283
"1672",0,0,1,0,0,0,0,0,0,0,0,0,0,0,0,1,0,0,0,2017,1,23.8,10,7.9,0,0,-1.15639709719638
"1673",0,0,1,0,0,0,0,0,0,0,0,0,0,1,0,0,0,0,0,2017,3,26,10,4.2,0,0,1.62389808942131
"1674",0,0,1,0,0,0,0,0,0,0,0,0,0,0,0,0,0,1,0,2017,4,29.6,3.4,9.9,0.61,1,-2.5868388236446
"1675",0,0,1,0,0,0,0,0,0,0,0,0,0,0,0,0,0,0,1,2017,5,23.2,9.8,10.4,1.36,0,0.193456362973078
"1676",0,0,1,0,0,0,0,0,0,0,0,0,0,0,0,0,1,0,0,2017,6,29.7,10,7.7,0,0,2.0973541538091
"1677",0,0,1,0,0,0,0,0,0,0,0,0,1,0,0,0,0,0,0,2017,7,36.3,10,6.1,0,0,1.26125089116682
"1678",0,0,1,0,0,0,0,0,0,0,0,0,0,0,1,0,0,0,0,2017,2,36.3,8.7,6.3,0,0,-1.27727949661454
"1679",0,0,1,0,0,0,0,0,0,0,0,0,0,0,0,1,0,0,0,2017,1,38.7,10,9.1,0.08,0,-0.813896965511589
"1680",0,0,1,0,0,0,0,0,0,0,0,0,0,1,0,0,0,0,0,2017,3,41.5,10,4.3,0,0,1.20080969145775
"1681",0,0,1,0,0,0,0,0,0,0,0,0,0,0,0,0,0,1,0,2017,4,48.5,10,3.5,0,0,0.0524268969852244
"1682",0,0,1,0,0,0,0,0,0,0,0,0,0,0,0,0,0,0,1,2017,5,39.7,10,9.3,0,0,-0.138970235426862
"1683",0,0,1,0,0,0,0,0,0,0,0,0,0,0,0,0,1,0,0,2017,6,30.2,10,5.3,0,0,0.727353627069951
"1684",0,0,1,0,0,0,0,0,0,0,0,0,1,0,0,0,0,0,0,2017,7,43.3,10,4.2,0,0,0.233750496112464
"1685",0,0,1,0,0,0,0,0,0,0,0,0,0,0,1,0,0,0,0,2017,2,54.1,9.8,5.5,0,0,-0.602352766529809
"1686",0,0,1,0,0,0,0,0,0,0,0,0,0,0,0,1,0,0,0,2017,1,40.3,9.4,7.8,0.15,0,-1.76080909428718
"1687",0,0,1,0,0,0,0,0,0,0,0,0,0,1,0,0,0,0,0,2017,3,42.5,4,4.3,0.01,1,-0.0180878360087023
"1688",0,0,1,0,0,0,0,0,0,0,0,0,0,0,0,0,0,1,0,2017,4,43.8,4.8,5.2,0.37,0,-0.390808567548029
"1689",0,0,1,0,0,0,0,0,0,0,0,0,0,0,0,0,0,0,1,2017,5,48.4,8.6,5.6,0.6,0,0.415074095239705
"1690",0,0,1,0,0,0,0,0,0,0,0,0,0,0,0,0,1,0,0,2017,6,44.3,10,6.3,0,0,0.0826474968397644
"1691",0,0,1,0,0,0,0,0,0,0,0,0,1,0,0,0,0,0,0,2017,7,40.4,5,6.5,0.33,0,1.23103029131229
"1692",0,0,0,1,0,0,0,0,0,0,0,0,0,0,1,0,0,0,0,2017,2,40.3,7.3,10.3,1.19,0,-0.400882100832876
"1693",0,0,0,1,0,0,0,0,0,0,0,0,0,0,0,1,0,0,0,2017,1,49.8,10,4.8,0,0,-1.17654416376607
"1694",0,0,0,1,0,0,0,0,0,0,0,0,0,1,0,0,0,0,0,2017,3,55.3,10,3.4,0,0,0.153162229833691
"1695",0,0,0,1,0,0,0,0,0,0,0,0,0,0,0,0,0,1,0,2017,4,49.1,6.5,6.2,1.2,0,-0.330367367838949
"1696",0,0,0,1,0,0,0,0,0,0,0,0,0,0,0,0,0,0,1,2017,5,51.2,6.9,2.6,0.01,0,-0.441176233972263
"1697",0,0,0,1,0,0,0,0,0,0,0,0,0,0,0,0,1,0,0,2017,6,44.1,6.6,7.7,0.02,0,0.828088959918418
"1698",0,0,0,1,0,0,0,0,0,0,0,0,1,0,0,0,0,0,0,2017,7,47.7,10,8.5,0.71,0,0.636691827506331
"1699",0,0,0,1,0,0,0,0,0,0,0,0,0,0,1,0,0,0,0,2017,2,45.9,10,8.5,0,0,-0.0382349025783957
"1700",0,0,0,1,0,0,0,0,0,0,0,0,0,0,0,1,0,0,0,2017,1,53.2,10,4.3,0,0,-0.904558765075209
"1701",0,0,0,1,0,0,0,0,0,0,0,0,0,1,0,0,0,0,0,2017,3,62.5,10,4.9,0,0,0.032279830415531
"1702",0,0,0,1,0,0,0,0,0,0,0,0,0,0,0,0,0,1,0,2017,4,69.4,10,5.7,0,0,-1.12617649734184
"1703",0,0,0,1,0,0,0,0,0,0,0,0,0,0,0,0,0,0,1,2017,5,65.2,9.7,2.2,0,0,-0.914632298360056
"1704",0,0,0,1,0,0,0,0,0,0,0,0,0,0,0,0,1,0,0,2017,6,57.4,10,4.1,0.02,0,-0.410955634117723
"1705",0,0,0,1,0,0,0,0,0,0,0,0,1,0,0,0,0,0,0,2017,7,56.4,10,3.2,0,0,-1.16647063048122
"1706",0,0,0,1,0,0,0,0,0,0,0,0,0,0,1,0,0,0,0,2017,2,56.8,10,4.2,0,0,-1.36794129617816
"1707",0,0,0,1,0,0,0,0,0,0,0,0,0,0,0,1,0,0,0,2017,1,70.1,9.7,6,0,0,-1.50897076216601
"1708",0,0,0,1,0,0,0,0,0,0,0,0,0,1,0,0,0,0,0,2017,3,69.3,10,6.1,0,0,-1.43845602917208
"1709",0,0,0,1,0,0,0,0,0,0,0,0,0,0,0,0,0,1,0,2017,4,57.4,10,5.8,0,0,-1.15639709719638
"1710",0,0,0,1,0,0,0,0,0,0,0,0,0,0,0,0,0,0,1,2017,5,48.1,10,6.5,0,0,-0.511690966966189
"1711",0,0,0,1,0,0,0,0,0,0,0,0,0,0,0,0,1,0,0,2017,6,54.6,7.7,2.4,0.13,0,0.0121327638458377
"1712",0,0,0,1,0,0,0,0,0,0,0,0,1,0,0,0,0,0,0,2017,7,51.4,8,6.6,0.31,0,0.596397694366945
"1713",0,0,0,1,0,0,0,0,0,0,0,0,0,0,1,0,0,0,0,2017,2,51.8,8,3.8,0.02,0,-0.803823432226743
"1714",0,0,0,1,0,0,0,0,0,0,0,0,0,0,0,1,0,0,0,2017,1,53.7,10,4.3,0.11,0,-1.14632356391153
"1715",0,0,0,1,0,0,0,0,0,0,0,0,0,1,0,0,0,0,0,2017,3,54.2,9.8,2.7,0,0,-0.904558765075209
"1716",0,0,0,1,0,0,0,0,0,0,0,0,0,0,0,0,0,1,0,2017,4,51.8,7.9,9.8,0.01,0,0.928824292766885
"1717",0,0,0,1,0,0,0,0,0,0,0,0,0,0,0,0,0,0,1,2017,5,55.1,4.5,6.8,1.2,0,-0.00801430272385566
"1718",0,0,0,1,0,0,0,0,0,0,0,0,0,0,0,0,1,0,0,2017,6,61.4,4.2,1.7,0.04,0,0.576250627797251
"1719",0,0,0,1,0,0,0,0,0,0,0,0,1,0,0,0,0,0,0,2017,7,66.6,4.7,2.5,0,0,2.27867775293634
"1720",0,0,0,1,0,0,0,0,0,0,0,0,0,0,1,0,0,0,0,2017,2,75.1,9.1,4.2,0.06,0,0.304265229106391
"1721",0,0,0,1,0,0,0,0,0,0,0,0,0,0,0,1,0,0,0,2017,1,62.6,10,5.4,0,0,-1.61977962829932
"1722",0,0,0,0,1,0,0,0,0,0,0,0,0,1,0,0,0,0,0,2017,3,57.2,6.8,4.2,0,0,0.0826474968397644
"1723",0,0,0,0,1,0,0,0,0,0,0,0,0,0,0,0,0,1,0,2017,4,69.3,9.3,6.7,0,0,1.13029495846382
"1724",0,0,0,0,1,0,0,0,0,0,0,0,0,0,0,0,0,0,1,2017,5,61.4,10,8.1,0,0,0.838162493203265
"1725",0,0,0,0,1,0,0,0,0,0,0,0,0,0,0,0,1,0,0,2017,6,55,10,4.5,0,0,0.707206560500258
"1726",0,0,0,0,1,0,0,0,0,0,0,0,1,0,0,0,0,0,0,2017,7,53.7,6.4,5.7,0.02,1,1.46272155686376
"1727",0,0,0,0,1,0,0,0,0,0,0,0,0,0,1,0,0,0,0,2017,2,59.7,5.3,4.3,3.18,0,0.546030027942711
"1728",0,0,0,0,1,0,0,0,0,0,0,0,0,0,0,1,0,0,0,2017,1,52.6,9.5,4.5,0.18,0,-1.17654416376607
"1729",0,0,0,0,1,0,0,0,0,0,0,0,0,1,0,0,0,0,0,2017,3,50.3,10,5.9,0.01,0,0.0725739635549177
"1730",0,0,0,0,1,0,0,0,0,0,0,0,0,0,0,0,0,1,0,2017,4,53.3,10,4.1,0,0,0.203529896257924
"1731",0,0,0,0,1,0,0,0,0,0,0,0,0,0,0,0,0,0,1,2017,5,56.9,10,2.8,0,0,0.374779962100318
"1732",0,0,0,0,1,0,0,0,0,0,0,0,1,0,0,0,0,0,0,2017,7,54.1,10,3.5,0,0,1.87573642154247
"1733",0,0,0,0,1,0,0,0,0,0,0,0,0,0,1,0,0,0,0,2017,2,50.5,6.1,6.3,0.11,0,0.525882961373018
"1734",0,0,0,0,1,0,0,0,0,0,0,0,0,0,0,1,0,0,0,2017,1,52.8,8.8,5.3,1.5,0,0.0222062971306844
"1735",0,0,0,0,1,0,0,0,0,0,0,0,0,1,0,0,0,0,0,2017,3,59.1,10,7.9,0.02,0,0.989265492475965
"1736",0,0,0,0,1,0,0,0,0,0,0,0,0,0,0,0,0,1,0,2017,4,66.2,10,4.5,0,0,0.636691827506331
"1737",0,0,0,0,1,0,0,0,0,0,0,0,0,0,0,0,0,0,1,2017,5,76,10,4.2,0,0,1.23103029131229
"1738",0,0,0,0,1,0,0,0,0,0,0,0,0,0,0,0,1,0,0,2017,6,83.2,10,4.6,0,0,2.82264855031806
"1739",0,0,0,0,1,0,0,0,0,0,0,0,0,0,1,0,0,0,0,2017,2,63.4,10,5.2,0.01,0,-0.189337901851096
"1740",0,0,0,0,1,0,0,0,0,0,0,0,0,0,0,1,0,0,0,2017,1,59.3,10,2.6,0,0,-0.128896702142016
"1741",0,0,0,0,1,0,0,0,0,0,0,0,0,1,0,0,0,0,0,2017,3,56.7,6.8,2.7,0.13,0,0.888530159627498
"1742",0,0,0,0,1,0,0,0,0,0,0,0,0,0,0,0,0,1,0,2017,4,62.2,8.2,2.3,0.46,0,0.284118162536698
"1743",0,0,0,0,1,0,0,0,0,0,0,0,0,0,0,0,0,0,1,2017,5,62.3,9.8,3.2,0.04,0,0.102794563409458
"1744",0,0,0,0,1,0,0,0,0,0,0,0,0,0,0,0,1,0,0,2017,6,57.6,5.7,6.8,0.08,0,1.12022142517897
"1745",0,0,0,0,1,0,0,0,0,0,0,0,1,0,0,0,0,0,0,2017,7,62.1,8.5,5.5,0.6,0,1.46272155686376
"1746",0,0,0,0,1,0,0,0,0,0,0,0,0,0,1,0,0,0,0,2017,2,66.2,10,3.2,0.1,0,-1.56941196187509
"1747",0,0,0,0,1,0,0,0,0,0,0,0,0,0,0,1,0,0,0,2017,1,63.8,8.8,3.3,0,0,-1.57948549515994
"1748",0,0,0,0,1,0,0,0,0,0,0,0,0,1,0,0,0,0,0,2017,3,58.2,9.3,4.5,0.09,0,-2.61705942349914
"1749",0,0,0,0,1,0,0,0,0,0,0,0,0,0,0,0,0,1,0,2017,4,57.1,9.6,2.3,0.04,0,0.163235763118538
"1750",0,0,0,0,1,0,0,0,0,0,0,0,0,0,0,0,0,0,1,2017,5,63.1,5.9,1.8,0.09,0,0.384853495385165
"1751",0,0,0,0,0,1,0,0,0,0,0,0,0,0,0,0,1,0,0,2017,6,68.4,9.7,3.1,0.03,0,0.233750496112464
"1752",0,0,0,0,0,1,0,0,0,0,0,0,1,0,0,0,0,0,0,2017,7,68,10,4,0,0,1.06985375875474
"1753",0,0,0,0,0,1,0,0,0,0,0,0,0,0,1,0,0,0,0,2017,2,64.3,10,3.1,0.02,0,0.062500430270071
"1754",0,0,0,0,0,1,0,0,0,0,0,0,0,0,0,1,0,0,0,2017,1,63.3,10,1.6,0.01,0,-1.63992669486902
"1755",0,0,0,0,0,1,0,0,0,0,0,0,0,1,0,0,0,0,0,2017,3,62.5,5.4,3.6,0.11,0,0.253897562682158
"1756",0,0,0,0,0,1,0,0,0,0,0,0,0,0,0,0,0,1,0,2017,4,56.8,7.5,6,0.01,0,0.294191695821544
"1757",0,0,0,0,0,1,0,0,0,0,0,0,0,0,0,0,0,0,1,2017,5,57.8,10,4.7,0.05,0,0.445294695094245
"1758",0,0,0,0,0,1,0,0,0,0,0,0,0,0,0,0,1,0,0,2017,6,62,10,2.5,0,0,0.294191695821544
"1759",0,0,0,0,0,1,0,0,0,0,0,0,1,0,0,0,0,0,0,2017,7,66,10,4.1,0,0,1.40228035715468
"1760",0,0,0,0,0,1,0,0,0,0,0,0,0,0,1,0,0,0,0,2017,2,75.7,10,3.3,0,0,0.344559362245778
"1761",0,0,0,0,0,1,0,0,0,0,0,0,0,0,0,1,0,0,0,2017,1,81.3,10,4,0,0,0.717280093785105
"1762",0,0,0,0,0,1,0,0,0,0,0,0,0,1,0,0,0,0,0,2017,3,84,10,3.9,0,0,1.74478048883947
"1763",0,0,0,0,0,1,0,0,0,0,0,0,0,0,0,0,0,1,0,2017,4,86,9.9,2.8,0,0,1.99661882096063
"1764",0,0,0,0,0,1,0,0,0,0,0,0,0,0,0,0,0,0,1,2017,5,77.4,9.1,4.3,0.27,1,1.24110382459713
"1765",0,0,0,0,0,1,0,0,0,0,0,0,0,0,0,0,1,0,0,2017,6,70.1,10,3.3,0.02,0,1.41235389043953
"1766",0,0,0,0,0,1,0,0,0,0,0,0,1,0,0,0,0,0,0,2017,7,66.1,9.2,4.6,0,0,0.263971095967004
"1767",0,0,0,0,0,1,0,0,0,0,0,0,0,0,1,0,0,0,0,2017,2,68.7,6.3,2.5,0,1,0.233750496112464
"1768",0,0,0,0,0,1,0,0,0,0,0,0,0,0,0,1,0,0,0,2017,1,75.9,6.5,2.5,1.39,0,-0.380735034263183
"1769",0,0,0,0,0,1,0,0,0,0,0,0,0,1,0,0,0,0,0,2017,3,79.3,8.6,3.4,0,1,1.89588348811217
"1770",0,0,0,0,0,1,0,0,0,0,0,0,0,0,0,0,0,1,0,2017,4,75.3,8.2,4.2,1.38,0,1.83544228840309
"1771",0,0,0,0,0,1,0,0,0,0,0,0,0,0,0,0,0,0,1,2017,5,77.5,10,4.2,0.03,0,1.14036849174866
"1772",0,0,0,0,0,1,0,0,0,0,0,0,0,0,0,0,1,0,0,2017,6,75.8,10,1.9,0,0,2.15779535351818
"1773",0,0,0,0,0,1,0,0,0,0,0,0,1,0,0,0,0,0,0,2017,7,79.7,9.2,3.8,0,0,1.63397162270615
"1774",0,0,0,0,0,1,0,0,0,0,0,0,0,0,1,0,0,0,0,2017,2,77.8,8.3,5,1.16,1,1.23103029131229
"1775",0,0,0,0,0,1,0,0,0,0,0,0,0,0,0,1,0,0,0,2017,1,76.1,10,2.1,0.17,0,-0.410955634117723
"1776",0,0,0,0,0,1,0,0,0,0,0,0,0,1,0,0,0,0,0,2017,3,72.4,10,3.5,0,0,0.384853495385165
"1777",0,0,0,0,0,1,0,0,0,0,0,0,0,0,0,0,0,1,0,2017,4,70,9.4,2.4,0.18,0,1.27132442445167
"1778",0,0,0,0,0,1,0,0,0,0,0,0,0,0,0,0,0,0,1,2017,5,69.7,10,4.3,0,0,0.999339025760812
"1779",0,0,0,0,0,1,0,0,0,0,0,0,0,0,0,0,1,0,0,2017,6,74.6,10,4.6,0,0,1.37205975730014
"1780",0,0,0,0,0,1,0,0,0,0,0,0,1,0,0,0,0,0,0,2017,7,79.3,10,4.9,0,0,1.1705890916032
"1781",0,0,0,0,0,0,1,0,0,0,0,0,0,0,1,0,0,0,0,2017,2,79,9.8,4,0,0,-0.360587967693489
"1782",0,0,0,0,0,0,1,0,0,0,0,0,0,0,0,1,0,0,0,2017,1,77.8,9.3,3.9,0.23,0,-0.944852898214596
"1783",0,0,0,0,0,0,1,0,0,0,0,0,0,1,0,0,0,0,0,2017,3,80.4,9.6,2.7,0,1,-0.138970235426862
"1784",0,0,0,0,0,0,1,0,0,0,0,0,0,0,0,0,0,1,0,2017,4,76.7,10,2.4,0.45,0,-2.08316215940227
"1785",0,0,0,0,0,0,1,0,0,0,0,0,0,0,0,0,0,0,1,2017,5,76.7,9.6,3.9,0,0,0.757574226924491
"1786",0,0,0,0,0,0,1,0,0,0,0,0,0,0,0,0,1,0,0,2017,6,72.9,10,3.2,0,0,-0.199411435135942
"1787",0,0,0,0,0,0,1,0,0,0,0,0,1,0,0,0,0,0,0,2017,7,72.9,7.9,4.5,0.02,1,0.435221161809398
"1788",0,0,0,0,0,0,1,0,0,0,0,0,0,0,1,0,0,0,0,2017,2,75.7,8.1,3.2,1.76,1,-0.461323300541956
"1789",0,0,0,0,0,0,1,0,0,0,0,0,0,0,0,1,0,0,0,2017,1,75.2,10,3.1,0,0,-1.19669123033576
"1790",0,0,0,0,0,0,1,0,0,0,0,0,0,1,0,0,0,0,0,2017,3,76.3,10,2.9,0,0,0.364706428815471
"1791",0,0,0,0,0,0,1,0,0,0,0,0,0,0,0,0,0,1,0,2017,4,78.8,9.6,2.9,0,0,0.0725739635549177
"1792",0,0,0,0,0,0,1,0,0,0,0,0,0,0,0,0,0,0,1,2017,5,82.3,10,3.6,0,0,0.465441761663938
"1793",0,0,0,0,0,0,1,0,0,0,0,0,0,0,0,0,1,0,0,2017,6,83,9.8,4.6,0,0,1.29147149102136
"1794",0,0,0,0,0,0,1,0,0,0,0,0,1,0,0,0,0,0,0,2017,7,69.7,6.5,4,0.01,0,0.767647760209338
"1795",0,0,0,0,0,0,1,0,0,0,0,0,0,0,1,0,0,0,0,2017,2,73.8,6.2,3.4,0.34,0,0.183382829688231
"1796",0,0,0,0,0,0,1,0,0,0,0,0,0,0,0,1,0,0,0,2017,1,76.8,10,2.5,0,0,-1.16647063048122
"1797",0,0,0,0,0,0,1,0,0,0,0,0,0,1,0,0,0,0,0,2017,3,78.2,10,2.1,0,0,0.0826474968397644
"1798",0,0,0,0,0,0,1,0,0,0,0,0,0,0,0,0,0,1,0,2017,4,79.6,10,1.9,0,0,0.757574226924491
"1799",0,0,0,0,0,0,1,0,0,0,0,0,0,0,0,0,0,0,1,2017,5,83.2,9.9,3.5,0,0,1.1705890916032
"1800",0,0,0,0,0,0,1,0,0,0,0,0,0,0,0,0,1,0,0,2017,6,85.7,9.5,2.1,0,0,1.44257449029407
"1801",0,0,0,0,0,0,1,0,0,0,0,0,1,0,0,0,0,0,0,2017,7,82.5,9.8,3.1,0.01,0,1.02955962561535
"1802",0,0,0,0,0,0,1,0,0,0,0,0,0,0,1,0,0,0,0,2017,2,83.8,9.9,2.5,0,0,0.173309296403384
"1803",0,0,0,0,0,0,1,0,0,0,0,0,0,0,0,1,0,0,0,2017,1,74.6,5.2,2,0.62,1,-0.773602832372203
"1804",0,0,0,0,0,0,1,0,0,0,0,0,0,1,0,0,0,0,0,2017,3,69.3,7.5,5.7,0.36,1,-0.108749635572322
"1805",0,0,0,0,0,0,1,0,0,0,0,0,0,0,0,0,0,1,0,2017,4,65.8,10,4.7,0.39,0,-0.360587967693489
"1806",0,0,0,0,0,0,1,0,0,0,0,0,0,0,0,0,0,0,1,2017,5,69.7,10,4,0,0,0.0423533637003777
"1807",0,0,0,0,0,0,1,0,0,0,0,0,0,0,0,0,1,0,0,2017,6,70.8,10,2.4,0,0,-0.209484968420789
"1808",0,0,0,0,0,0,1,0,0,0,0,0,1,0,0,0,0,0,0,2017,7,76.8,8.5,1.3,0,0,0.546030027942711
"1809",0,0,0,0,0,0,1,0,0,0,0,0,0,0,1,0,0,0,0,2017,2,72.9,10,8.2,0,0,-1.19669123033576
"1810",0,0,0,0,0,0,1,0,0,0,0,0,0,0,0,1,0,0,0,2017,1,72.4,10,4.4,0,0,-0.249779101560176
"1811",0,0,0,0,0,0,1,0,0,0,0,0,0,1,0,0,0,0,0,2017,3,76.1,10,1.9,0,0,0.253897562682158
"1812",0,0,0,0,0,0,0,1,0,0,0,0,0,0,0,0,0,1,0,2017,4,80.2,10,1.8,0,0,0.747500693639645
"1813",0,0,0,0,0,0,0,1,0,0,0,0,0,0,0,0,0,0,1,2017,5,77.6,8,1.7,0,0,-0.128896702142016
"1814",0,0,0,0,0,0,0,1,0,0,0,0,0,0,0,0,1,0,0,2017,6,75.2,8.1,1.4,0.09,0,0.828088959918418
"1815",0,0,0,0,0,0,0,1,0,0,0,0,1,0,0,0,0,0,0,2017,7,76.8,9.2,3.1,0.15,0,1.28139795773652
"1816",0,0,0,0,0,0,0,1,0,0,0,0,0,0,1,0,0,0,0,2017,2,74.6,8.8,4.1,0.3,0,-0.582205699960116
"1817",0,0,0,0,0,0,0,1,0,0,0,0,0,0,0,1,0,0,0,2017,1,70.2,10,3.8,0,0,-1.12617649734184
"1818",0,0,0,0,0,0,0,1,0,0,0,0,0,1,0,0,0,0,0,2017,3,68,6.7,2.4,0,0,-0.249779101560176
"1819",0,0,0,0,0,0,0,1,0,0,0,0,0,0,0,0,0,1,0,2017,4,69.4,7.5,2.4,0.76,0,0.00205923056099101
"1820",0,0,0,0,0,0,0,1,0,0,0,0,0,0,0,0,0,0,1,2017,5,74,10,1.1,0,0,0.243824029397311
"1821",0,0,0,0,0,0,0,1,0,0,0,0,0,0,0,0,1,0,0,2017,6,75.3,9.8,2.1,0,0,0.193456362973078
"1822",0,0,0,0,0,0,0,1,0,0,0,0,1,0,0,0,0,0,0,2017,7,74.3,10,2.4,0,0,0.243824029397311
"1823",0,0,0,0,0,0,0,1,0,0,0,0,0,0,1,0,0,0,0,2017,2,71,9.1,2.1,0.11,0,-1.05566176434791
"1824",0,0,0,0,0,0,0,1,0,0,0,0,0,0,0,1,0,0,0,2017,1,76.1,9.8,3.7,0,0,-0.682941032808583
"1825",0,0,0,0,0,0,0,1,0,0,0,0,0,1,0,0,0,0,0,2017,3,75.4,10,1.9,0,0,-0.290073234699562
"1826",0,0,0,0,0,0,0,1,0,0,0,0,0,0,0,0,0,1,0,2017,4,72.1,5.5,1.2,0.28,0,-0.541911566820729
"1827",0,0,0,0,0,0,0,1,0,0,0,0,0,0,0,0,0,0,1,2017,5,76,6.9,1.5,0.17,0,-0.310220301269256
"1828",0,0,0,0,0,0,0,1,0,0,0,0,0,0,0,0,1,0,0,2017,6,75.7,10,2.7,0,0,0.0826474968397644
"1829",0,0,0,0,0,0,0,1,0,0,0,0,1,0,0,0,0,0,0,2017,7,76.4,6.4,2,0.03,1,-0.189337901851096
"1830",0,0,0,0,0,0,0,1,0,0,0,0,0,0,1,0,0,0,0,2017,2,77.9,9.5,2.5,0.85,0,0.0725739635549177
"1831",0,0,0,0,0,0,0,1,0,0,0,0,0,0,0,1,0,0,0,2017,1,76.6,10,4.2,0,0,-0.934779364929749
"1832",0,0,0,0,0,0,0,1,0,0,0,0,0,1,0,0,0,0,0,2017,3,77.9,9.9,2.2,0,0,-0.0382349025783957
"1833",0,0,0,0,0,0,0,1,0,0,0,0,0,0,0,0,0,1,0,2017,4,80.6,8.5,4.5,0,0,0.535956494657865
"1834",0,0,0,0,0,0,0,1,0,0,0,0,0,0,0,0,0,0,1,2017,5,76.4,8.5,4.9,0.3,0,-0.0180878360087023
"1835",0,0,0,0,0,0,0,1,0,0,0,0,0,0,0,0,1,0,0,2017,6,72.9,10,2.4,0,0,0.00205923056099101
"1836",0,0,0,0,0,0,0,1,0,0,0,0,1,0,0,0,0,0,0,2017,7,70.5,10,2.1,0,0,0.0222062971306844
"1837",0,0,0,0,0,0,0,1,0,0,0,0,0,0,1,0,0,0,0,2017,2,70,10,3.1,0,0,-0.612426299814656
"1838",0,0,0,0,0,0,0,1,0,0,0,0,0,0,0,1,0,0,0,2017,1,69.2,10,3.9,0,0,-1.33772069632362
"1839",0,0,0,0,0,0,0,1,0,0,0,0,0,1,0,0,0,0,0,2017,3,69,9.7,4.7,0,0,-0.471396833826803
"1840",0,0,0,0,0,0,0,1,0,0,0,0,0,0,0,0,0,1,0,2017,4,65.7,9.3,7.2,0,0,-0.169190835281402
"1841",0,0,0,0,0,0,0,1,0,0,0,0,0,0,0,0,0,0,1,2017,5,67.1,9.5,5.1,0.3,0,0.405000561954858
"1842",0,0,0,0,0,0,0,1,0,0,0,0,0,0,0,0,1,0,0,2017,6,72.1,10,3.5,0.01,0,-0.128896702142016
"1843",0,0,0,0,0,0,0,0,1,0,0,0,1,0,0,0,0,0,0,2017,7,64.3,10,3.9,0,0,0.505735894803325
"1844",0,0,0,0,0,0,0,0,1,0,0,0,0,0,1,0,0,0,0,2017,2,61.9,9.8,4.4,0,0,-0.693014566093429
"1845",0,0,0,0,0,0,0,0,1,0,0,0,0,0,0,1,0,0,0,2017,1,62.1,6.5,4.8,1.12,1,-1.13625003062668
"1846",0,0,0,0,0,0,0,0,1,0,0,0,0,1,0,0,0,0,0,2017,3,69.3,10,4.5,0.15,0,-0.995220564638829
"1847",0,0,0,0,0,0,0,0,1,0,0,0,0,0,0,0,0,1,0,2017,4,75.6,9.2,3.5,0,0,0.767647760209338
"1848",0,0,0,0,0,0,0,0,1,0,0,0,0,0,0,0,0,0,1,2017,5,67.8,8.1,2.4,0.01,0,-0.229632034990482
"1849",0,0,0,0,0,0,0,0,1,0,0,0,0,0,0,0,1,0,0,2017,6,64.4,7.3,3.9,0.42,0,1.60375102285161
"1850",0,0,0,0,0,0,0,0,1,0,0,0,1,0,0,0,0,0,0,2017,7,64.9,10,2.6,0.01,0,1.10007435860928
"1851",0,0,0,0,0,0,0,0,1,0,0,0,0,0,1,0,0,0,0,2017,2,62,10,4.2,0,0,-0.229632034990482
"1852",0,0,0,0,0,0,0,0,1,0,0,0,0,0,0,1,0,0,0,2017,1,63.7,10,5,0,0,-0.985147031353983
"1853",0,0,0,0,0,0,0,0,1,0,0,0,0,1,0,0,0,0,0,2017,3,65.4,10,1.9,0,0,1.04970669218504
"1854",0,0,0,0,0,0,0,0,1,0,0,0,0,0,0,0,0,1,0,2017,4,69,10,0.8,0,0,0.495662361518478
"1855",0,0,0,0,0,0,0,0,1,0,0,0,0,0,0,0,0,0,1,2017,5,71.4,9.5,2,0,0,1.07992729203958
"1856",0,0,0,0,0,0,0,0,1,0,0,0,0,0,0,0,1,0,0,2017,6,74,9.1,2.1,0.06,0,0.979191959191118
"1857",0,0,0,0,0,0,0,0,1,0,0,0,1,0,0,0,0,0,0,2017,7,74.2,10,2,0.02,0,1.97647175439094
"1858",0,0,0,0,0,0,0,0,1,0,0,0,0,0,1,0,0,0,0,2017,2,74.6,6.4,2.3,0,0,-0.0785290357177824
"1859",0,0,0,0,0,0,0,0,1,0,0,0,0,0,0,1,0,0,0,2017,1,73.2,5.5,2.4,0,0,-0.451249767257109
"1860",0,0,0,0,0,0,0,0,1,0,0,0,0,1,0,0,0,0,0,2017,3,70.7,8.8,4.7,0,0,0.415074095239705
"1861",0,0,0,0,0,0,0,0,1,0,0,0,0,0,0,0,0,1,0,2017,4,72.3,9.5,8,0,0,0.304265229106391
"1862",0,0,0,0,0,0,0,0,1,0,0,0,0,0,0,0,0,0,1,2017,5,74.2,10,6.8,0.22,0,-0.481470367111649
"1863",0,0,0,0,0,0,0,0,1,0,0,0,0,0,0,0,1,0,0,2017,6,75.4,10,4.4,0,0,-0.96499996478429
"1864",0,0,0,0,0,0,0,0,1,0,0,0,1,0,0,0,0,0,0,2017,7,74.3,10,5.9,0,0,-0.169190835281402
"1865",0,0,0,0,0,0,0,0,1,0,0,0,0,0,1,0,0,0,0,2017,2,76.7,10,5.2,0,0,0.00205923056099101
"1866",0,0,0,0,0,0,0,0,1,0,0,0,0,0,0,1,0,0,0,2017,1,78.5,10,1.3,0,0,-0.441176233972263
"1867",0,0,0,0,0,0,0,0,1,0,0,0,0,1,0,0,0,0,0,2017,3,78.6,9.9,2.3,0,0,0.959044892621425
"1868",0,0,0,0,0,0,0,0,1,0,0,0,0,0,0,0,0,1,0,2017,4,73.8,9.7,2.2,0,0,0.253897562682158
"1869",0,0,0,0,0,0,0,0,1,0,0,0,0,0,0,0,0,0,1,2017,5,76,10,3.4,0,0,0.656838894076025
"1870",0,0,0,0,0,0,0,0,1,0,0,0,0,0,0,0,1,0,0,2017,6,73.9,9.6,4.6,0,0,1.10007435860928
"1871",0,0,0,0,0,0,0,0,1,0,0,0,1,0,0,0,0,0,0,2017,7,61.5,10,2.7,0,0,1.27132442445167
"1872",0,0,0,0,0,0,0,0,1,0,0,0,0,0,1,0,0,0,0,2017,2,60.2,10,4.1,0,0,-0.813896965511589
"1873",0,0,0,0,0,0,0,0,0,0,0,1,0,0,0,1,0,0,0,2017,1,58.3,10,3.8,0,0,-0.602352766529809
"1874",0,0,0,0,0,0,0,0,0,0,0,1,0,1,0,0,0,0,0,2017,3,61.4,10,2.3,0,0,1.09000082532443
"1875",0,0,0,0,0,0,0,0,0,0,0,1,0,0,0,0,0,1,0,2017,4,62.5,10,2.5,0,0,0.566177094512405
"1876",0,0,0,0,0,0,0,0,0,0,0,1,0,0,0,0,0,0,1,2017,5,64,10,3.7,0,0,0.807941893348725
"1877",0,0,0,0,0,0,0,0,0,0,0,1,0,0,0,0,1,0,0,2017,6,71.7,9.9,4.9,0,0,0.263971095967004
"1878",0,0,0,0,0,0,0,0,0,0,0,1,1,0,0,0,0,0,0,2017,7,73.3,9.8,2.8,0,0,0.183382829688231
"1879",0,0,0,0,0,0,0,0,0,0,0,1,0,0,1,0,0,0,0,2017,2,72.5,8.2,2.6,0,0,-0.612426299814656
"1880",0,0,0,0,0,0,0,0,0,0,0,1,0,0,0,1,0,0,0,2017,1,73.9,8.9,4.5,0,0,-1.10602943077214
"1881",0,0,0,0,0,0,0,0,0,0,0,1,0,1,0,0,0,0,0,2017,3,73.9,6.5,3.5,0.27,0,-0.854191098650976
"1882",0,0,0,0,0,0,0,0,0,0,0,1,0,0,0,0,0,1,0,2017,4,73.8,9.7,3.3,0.21,0,1.38213329058499
"1883",0,0,0,0,0,0,0,0,0,0,0,1,0,0,0,0,0,0,1,2017,5,69.7,9.8,4.2,0,0,-0.028161369293549
"1884",0,0,0,0,0,0,0,0,0,0,0,1,0,0,0,0,1,0,0,2017,6,60.7,9.5,7.2,0.12,0,-0.279999701414716
"1885",0,0,0,0,0,0,0,0,0,0,0,1,1,0,0,0,0,0,0,2017,7,58.3,10,5.7,0.01,0,0.274044629251851
"1886",0,0,0,0,0,0,0,0,0,0,0,1,0,0,1,0,0,0,0,2017,2,65.5,7.7,3.1,0.08,0,-0.642646899669196
"1887",0,0,0,0,0,0,0,0,0,0,0,1,0,0,0,1,0,0,0,2017,1,68.7,9.3,3.1,0,0,-1.35786776289331
"1888",0,0,0,0,0,0,0,0,0,0,0,1,0,1,0,0,0,0,0,2017,3,61,9.4,5.3,0.01,0,0.102794563409458
"1889",0,0,0,0,0,0,0,0,0,0,0,1,0,0,0,0,0,1,0,2017,4,49.8,10,3.6,0,0,1.05978022546989
"1890",0,0,0,0,0,0,0,0,0,0,0,1,0,0,0,0,0,0,1,2017,5,58.5,9.4,3.2,0,0,1.06985375875474
"1891",0,0,0,0,0,0,0,0,0,0,0,1,0,0,0,0,1,0,0,2017,6,63.2,9.9,4.1,0,0,1.36198622401529
"1892",0,0,0,0,0,0,0,0,0,0,0,1,1,0,0,0,0,0,0,2017,7,64.8,9.8,4,0,0,1.93617762125155
"1893",0,0,0,0,0,0,0,0,0,0,0,1,0,0,1,0,0,0,0,2017,2,65.5,10,1.7,0,0,-0.481470367111649
"1894",0,0,0,0,0,0,0,0,0,0,0,1,0,0,0,1,0,0,0,2017,1,66,9.6,1.6,0,0,-1.03551469777822
"1895",0,0,0,0,0,0,0,0,0,0,0,1,0,1,0,0,0,0,0,2017,3,66.7,9.6,2.9,0,0,0.384853495385165
"1896",0,0,0,0,0,0,0,0,0,0,0,1,0,0,0,0,0,1,0,2017,4,69.7,6.9,6.5,0.05,0,0.546030027942711
"1897",0,0,0,0,0,0,0,0,0,0,0,1,0,0,0,0,0,0,1,2017,5,63.2,9.1,1.6,0.15,0,0.173309296403384
"1898",0,0,0,0,0,0,0,0,0,0,0,1,0,0,0,0,1,0,0,2017,6,56.2,10,4.9,0,0,0.274044629251851
"1899",0,0,0,0,0,0,0,0,0,0,0,1,1,0,0,0,0,0,0,2017,7,53.8,10,3.6,0,0,1.29147149102136
"1900",0,0,0,0,0,0,0,0,0,0,0,1,0,0,1,0,0,0,0,2017,2,60.7,10,3.8,0,0,-0.159117301996556
"1901",0,0,0,0,0,0,0,0,0,0,0,1,0,0,0,1,0,0,0,2017,1,63.1,5.9,5,0.09,1,-0.179264368566249
"1902",0,0,0,0,0,0,0,0,0,0,0,1,0,1,0,0,0,0,0,2017,3,55.6,7.5,7.6,3.16,0,2.02683942081517
"1903",0,0,0,0,0,0,0,0,0,0,0,1,0,0,0,0,0,1,0,2017,4,52,10,5.3,0.03,0,0.656838894076025
"1904",0,0,0,0,0,0,0,0,0,0,1,0,0,0,0,0,0,0,1,2017,5,50,10,2.4,0,0,-0.239705568275329
"1905",0,0,0,0,0,0,0,0,0,0,1,0,0,0,0,0,1,0,0,2017,6,63.4,9.4,2.5,0,0,1.16051555831836
"1906",0,0,0,0,0,0,0,0,0,0,1,0,1,0,0,0,0,0,0,2017,7,66.8,9.9,3.9,0,0,1.46272155686376
"1907",0,0,0,0,0,0,0,0,0,0,1,0,0,0,1,0,0,0,0,2017,2,51.5,10,5.1,0,0,-0.179264368566249
"1908",0,0,0,0,0,0,0,0,0,0,1,0,0,0,0,1,0,0,0,2017,1,55,8.1,4.6,0.01,0,-1.12617649734184
"1909",0,0,0,0,0,0,0,0,0,0,1,0,0,1,0,0,0,0,0,2017,3,62.1,8.2,3.5,0.01,0,0.515809428088171
"1910",0,0,0,0,0,0,0,0,0,0,1,0,0,0,0,0,0,1,0,2017,4,46,9.3,5.4,0.01,0,0.797868360063878
"1911",0,0,0,0,0,0,0,0,0,0,1,0,0,0,0,0,0,0,1,2017,5,42.8,9.4,5.4,0.7,0,0.314338762391238
"1912",0,0,0,0,0,0,0,0,0,0,1,0,0,0,0,0,1,0,0,2017,6,46.6,9.8,2.7,0,0,0.717280093785105
"1913",0,0,0,0,0,0,0,0,0,0,1,0,1,0,0,0,0,0,0,2017,7,41.3,10,7.6,0.01,0,0.938897826051732
"1914",0,0,0,0,0,0,0,0,0,0,1,0,0,0,1,0,0,0,0,2017,2,29.2,10,4.9,0,0,-0.0785290357177824
"1915",0,0,0,0,0,0,0,0,0,0,1,0,0,0,0,1,0,0,0,2017,1,37.8,10,1.6,0,0,-0.924705831644903
"1916",0,0,0,0,0,0,0,0,0,0,1,0,0,1,0,0,0,0,0,2017,3,43.8,8.9,2.9,0,0,0.687059493930565
"1917",0,0,0,0,0,0,0,0,0,0,1,0,0,0,0,0,0,1,0,2017,4,41.3,10,3.7,0.07,0,0.163235763118538
"1918",0,0,0,0,0,0,0,0,0,0,1,0,0,0,0,0,0,0,1,2017,5,42.7,10,4.4,0,0,0.828088959918418
"1919",0,0,0,0,0,0,0,0,0,0,1,0,0,0,0,0,1,0,0,2017,6,51.4,9.3,5.7,0.17,0,1.81529522183339
"1920",0,0,0,0,0,0,0,0,0,0,1,0,1,0,0,0,0,0,0,2017,7,43.6,10,7.4,0.03,0,1.84551582168793
"1921",0,0,0,0,0,0,0,0,0,0,1,0,0,0,1,0,0,0,0,2017,2,42.6,9.6,2.6,0,0,-0.0180878360087023
"1922",0,0,0,0,0,0,0,0,0,0,1,0,0,0,0,1,0,0,0,2017,1,52.1,9.5,7.8,0.31,0,-0.582205699960116
"1923",0,0,0,0,0,0,0,0,0,0,1,0,0,1,0,0,0,0,0,2017,3,41.5,9.8,6.7,0.02,0,1.18066262488805
"1924",0,0,0,0,0,0,0,0,0,0,1,0,0,0,0,0,0,1,0,2017,4,48,10,4,0,0,1.60375102285161
"1925",0,0,0,0,0,0,0,0,0,0,1,0,0,0,0,0,0,0,1,2017,5,51,8.6,5.2,0.07,0,1.44257449029407
"1926",0,0,0,0,0,0,0,0,0,0,1,0,0,0,0,0,1,0,0,2017,6,36.6,10,5.1,0.14,0,-1.62985316158417
"1927",0,0,0,0,0,0,0,0,0,0,1,0,1,0,0,0,0,0,0,2017,7,41.2,10,2.9,0,0,-1.29742656318423
"1928",0,0,0,0,0,0,0,0,0,0,1,0,0,0,1,0,0,0,0,2017,2,48.7,10,4.2,0,0,-1.76080909428718
"1929",0,0,0,0,0,0,0,0,0,0,1,0,0,0,0,1,0,0,0,2017,1,47.1,10,5.3,0,0,-1.46867662902662
"1930",0,0,0,0,0,0,0,0,0,0,1,0,0,1,0,0,0,0,0,2017,3,43.5,10,5.9,0,0,0.0423533637003777
"1931",0,0,0,0,0,0,0,0,0,0,1,0,0,0,0,0,0,1,0,2017,4,43.3,10,3.9,0,0,0.183382829688231
"1932",0,0,0,0,0,0,0,0,0,0,1,0,0,0,0,0,0,0,1,2017,5,53.6,9.9,5.1,0,0,0.707206560500258
"1933",0,0,0,0,0,0,0,0,0,0,1,0,0,0,0,0,1,0,0,2017,6,43.7,10,3.9,0,0,0.324412295676085
"1934",0,0,0,0,0,0,0,0,0,1,0,0,1,0,0,0,0,0,0,2017,7,48.8,10,4.2,0.03,0,1.42242742372437
"1935",0,0,0,0,0,0,0,0,0,1,0,0,0,0,1,0,0,0,0,2017,2,43.5,10,3.5,0,0,-0.562058633390423
"1936",0,0,0,0,0,0,0,0,0,1,0,0,0,0,0,1,0,0,0,2017,1,45.4,10,1.9,0,0,-1.84139736056595
"1937",0,0,0,0,0,0,0,0,0,1,0,0,0,1,0,0,0,0,0,2017,3,45.1,7.3,2.5,0,0,0.535956494657865
"1938",0,0,0,0,0,0,0,0,0,1,0,0,0,0,0,0,0,1,0,2017,4,54.2,9.6,5.5,0,0,0.737427160354798
"1939",0,0,0,0,0,0,0,0,0,1,0,0,0,0,0,0,0,0,1,2017,5,49.3,8.5,7.4,0.75,0,0.203529896257924
"1940",0,0,0,0,0,0,0,0,0,1,0,0,0,0,0,0,1,0,0,2017,6,40.8,10,5.8,0,0,0.626618294221485
"1941",0,0,0,0,0,0,0,0,0,1,0,0,1,0,0,0,0,0,0,2017,7,37.1,10,3.7,0,0,0.515809428088171
"1942",0,0,0,0,0,0,0,0,0,1,0,0,0,0,1,0,0,0,0,2017,2,33.6,6.1,4.3,0,1,-0.934779364929749
"1943",0,0,0,0,0,0,0,0,0,1,0,0,0,0,0,1,0,0,0,2017,1,33,5.4,5,0.46,0,-1.18661769705092
"1944",0,0,0,0,0,0,0,0,0,1,0,0,0,1,0,0,0,0,0,2017,3,36.6,10,5.2,0,0,0.948971359336578
"1945",0,0,0,0,0,0,0,0,0,1,0,0,0,0,0,0,0,1,0,2017,4,43.7,10,5.4,0,0,0.566177094512405
"1946",0,0,0,0,0,0,0,0,0,1,0,0,0,0,0,0,0,0,1,2017,5,26.9,9.9,9.5,0,0,0.787794826779031
"1947",0,0,0,0,0,0,0,0,0,1,0,0,0,0,0,0,1,0,0,2017,6,27.2,7.4,5.1,0.07,0,2.54058961834235
"1948",0,0,0,0,0,0,0,0,0,1,0,0,0,0,1,0,0,0,0,2017,2,28.9,8.5,6,0.11,0,0.304265229106391
"1949",0,0,0,0,0,0,0,0,0,1,0,0,0,0,0,1,0,0,0,2017,1,34.7,10,2.8,0,0,-0.844117565366129
"1950",0,0,0,0,0,0,0,0,0,1,0,0,0,1,0,0,0,0,0,2017,3,38.7,9.1,3.4,0.02,0,0.757574226924491
"1951",0,0,0,0,0,0,0,0,0,1,0,0,0,0,0,0,0,1,0,2017,4,49.5,9.7,6,0,0,0.263971095967004
"1952",0,0,0,0,0,0,0,0,0,1,0,0,0,0,0,0,0,0,1,2017,5,46,10,7.3,0,0,0.697133027215411
"1953",0,0,0,0,0,0,0,0,0,1,0,0,0,0,0,0,1,0,0,2017,6,35.6,10,3.7,0,0,1.12022142517897
"1954",0,0,0,0,0,0,0,0,0,1,0,0,1,0,0,0,0,0,0,2017,7,40,10,3.1,0,0,0.898603692912345
"1955",0,0,0,0,0,0,0,0,0,1,0,0,0,0,1,0,0,0,0,2017,2,41.3,4.6,4.7,0.05,0,-0.662793966238889
"1956",0,0,0,0,0,0,0,0,0,1,0,0,0,0,0,1,0,0,0,2017,1,40,9.5,5.6,0.44,0,-1.62985316158417
"1957",0,0,0,0,0,0,0,0,0,1,0,0,0,1,0,0,0,0,0,2017,3,35.7,8,9.5,0.24,0,-2.99985368832332
"1958",0,0,0,0,0,0,0,0,0,1,0,0,0,0,0,0,0,1,0,2017,4,26.4,10,8.2,0.23,0,-0.884411698505516
"1959",0,0,0,0,0,0,0,0,0,1,0,0,0,0,0,0,0,0,1,2017,5,21.8,10,5.4,0,0,-0.541911566820729
"1960",0,0,0,0,0,0,0,0,0,1,0,0,0,0,0,0,1,0,0,2017,6,16.2,10,6.8,0,0,-0.219558501705636
"1961",0,0,0,0,0,0,0,0,0,1,0,0,1,0,0,0,0,0,0,2017,7,15.4,10,6.2,0,0,-0.330367367838949
"1962",0,0,0,0,0,0,0,0,0,1,0,0,0,0,1,0,0,0,0,2017,2,19.7,7.5,4.6,0,0,-0.662793966238889
"1963",0,0,0,0,0,0,0,0,0,1,0,0,0,0,0,1,0,0,0,2017,1,20.9,8.1,6.2,0.05,0,-1.7003678945781
"1964",1,0,0,0,0,0,0,0,0,0,0,0,0,1,0,0,0,0,0,2018,3,11.7,10,7.3,0,0,-1.87387348068369
"1965",1,0,0,0,0,0,0,0,0,0,0,0,0,0,0,0,0,1,0,2018,4,17.9,10,7,0,0,0.214525568437197
"1966",1,0,0,0,0,0,0,0,0,0,0,0,0,0,0,0,0,0,1,2018,5,21.6,10,3.5,0,0,0.121015163252679
"1967",1,0,0,0,0,0,0,0,0,0,0,0,0,0,0,0,1,0,0,2018,6,25.7,5.4,9.1,0.07,1,-1.75958298545817
"1968",1,0,0,0,0,0,0,0,0,0,0,0,1,0,0,0,0,0,0,2018,7,14.9,10,11.2,0.69,0,0.692467639380284
"1969",1,0,0,0,0,0,0,0,0,0,0,0,0,0,1,0,0,0,0,2018,2,10.2,10,9.7,0,0,-0.356926907690408
"1970",1,0,0,0,0,0,0,0,0,0,0,0,0,0,0,1,0,0,0,2018,1,9.7,10,6.3,0,0,-1.64529249023265
"1971",1,0,0,0,0,0,0,0,0,0,0,0,0,1,0,0,0,0,0,2018,3,22.5,9.6,5.1,0,0,0.900268539790323
"1972",1,0,0,0,0,0,0,0,0,0,0,0,0,0,0,0,0,1,0,2018,4,35.6,9.5,6.4,0.01,0,0.526226919052254
"1973",1,0,0,0,0,0,0,0,0,0,0,0,0,0,0,0,0,0,1,2018,5,35.1,10,3.7,0,0,0.55739705411376
"1974",1,0,0,0,0,0,0,0,0,0,0,0,0,0,0,0,1,0,0,2018,6,44.7,8.8,2.4,0,0,0.650907459298277
"1975",1,0,0,0,0,0,0,0,0,0,0,0,1,0,0,0,0,0,0,2018,7,54.5,5.9,5.7,0,1,0.734027819462292
"1976",1,0,0,0,0,0,0,0,0,0,0,0,0,0,1,0,0,0,0,2018,2,43.6,7.5,7.8,0.59,0,-0.315366727608401
"1977",1,0,0,0,0,0,0,0,0,0,0,0,0,0,0,1,0,0,0,2018,1,19.2,10,6.8,0.05,0,-1.44788163484311
"1978",1,0,0,0,0,0,0,0,0,0,0,0,0,1,0,0,0,0,0,2018,3,21.4,9.7,7.4,0,0,-1.14657032924855
"1979",1,0,0,0,0,0,0,0,0,0,0,0,0,0,0,0,0,1,0,2018,4,29.1,10,3.9,0,0,-0.169906097321374
"1980",1,0,0,0,0,0,0,0,0,0,0,0,0,0,0,0,0,0,1,2018,5,33.6,6.4,4.5,0,0,-0.232246367444386
"1981",1,0,0,0,0,0,0,0,0,0,0,0,0,0,0,0,1,0,0,2018,6,24.7,10,7,0.03,0,0.00672466802715836
"1982",1,0,0,0,0,0,0,0,0,0,0,0,1,0,0,0,0,0,0,2018,7,30.4,10,4.8,0,0,-0.356926907690408
"1983",1,0,0,0,0,0,0,0,0,0,0,0,0,0,1,0,0,0,0,2018,2,43.3,10,7.7,0,0,-1.07384001410504
"1984",1,0,0,0,0,0,0,0,0,0,0,0,0,0,0,1,0,0,0,2018,1,46,10,3.4,0,0,-2.23752505640125
"1985",1,0,0,0,0,0,0,0,0,0,0,0,0,1,0,0,0,0,0,2018,3,45.1,7,3.2,0.01,0,-0.772528708510485
"1986",1,0,0,0,0,0,0,0,0,0,0,0,0,0,0,0,0,1,0,2018,4,46.7,4.4,4.4,0.02,1,-1.06344996908454
"1987",1,0,0,0,0,0,0,0,0,0,0,0,0,0,0,0,0,0,1,2018,5,41.3,10,8.4,0.28,0,-0.190686187362378
"1988",1,0,0,0,0,0,0,0,0,0,0,0,0,0,0,0,1,0,0,2018,6,28.2,10,7.1,0,0,-0.325756772628903
"1989",1,0,0,0,0,0,0,0,0,0,0,0,1,0,0,0,0,0,0,2018,7,30.7,10,3.2,0,0,0.45349660390874
"1990",1,0,0,0,0,0,0,0,0,0,0,0,0,0,1,0,0,0,0,2018,2,42.6,10,5.1,0,0,-1.28164091451508
"1991",1,0,0,0,0,0,0,0,0,0,0,0,0,0,0,1,0,0,0,2018,1,51.2,9,3.8,0.14,0,-2.29986532652427
"1992",1,0,0,0,0,0,0,0,0,0,0,0,0,1,0,0,0,0,0,2018,3,43.3,10,7,0.07,0,-1.06344996908454
"1993",1,0,0,0,0,0,0,0,0,0,0,0,0,0,0,0,0,1,0,2018,4,33.1,6.1,6.4,0.09,0,-0.564727808100447
"1994",1,0,0,0,0,0,0,0,0,0,0,0,0,0,0,0,0,0,1,2018,5,24.9,10,6,0.02,0,-0.388097042751914
"1995",0,1,0,0,0,0,0,0,0,0,0,0,0,0,0,0,1,0,0,2018,6,37.5,9.9,4.3,0,0,-0.408877132792918
"1996",0,1,0,0,0,0,0,0,0,0,0,0,1,0,0,0,0,0,0,2018,7,31.9,9.2,6.7,0.23,0,-0.169906097321374
"1997",0,1,0,0,0,0,0,0,0,0,0,0,0,0,1,0,0,0,0,2018,2,21.8,10,7.1,0.18,0,-1.61412235517114
"1998",0,1,0,0,0,0,0,0,0,0,0,0,0,0,0,1,0,0,0,2018,1,35.2,8.9,3.9,0,0,-0.959549518879519
"1999",0,1,0,0,0,0,0,0,0,0,0,0,0,1,0,0,0,0,0,2018,3,36.6,8.1,6.8,0.96,0,0.754807909503296
"2000",0,1,0,0,0,0,0,0,0,0,0,0,0,0,0,0,0,1,0,2018,4,31,10,3.4,0,0,-0.917989338797511
"2001",0,1,0,0,0,0,0,0,0,0,0,0,0,0,0,0,0,0,1,2018,5,32.9,6.4,5.5,0,1,0.204135523416695
"2002",0,1,0,0,0,0,0,0,0,0,0,0,0,0,0,0,1,0,0,2018,6,31,10,6,0.85,0,-0.180296142341876
"2003",0,1,0,0,0,0,0,0,0,0,0,0,1,0,0,0,0,0,0,2018,7,29.9,10,4.5,0,0,-0.523167628018439
"2004",0,1,0,0,0,0,0,0,0,0,0,0,0,0,1,0,0,0,0,2018,2,43,7.3,2.5,0,1,-0.876429158715504
"2005",0,1,0,0,0,0,0,0,0,0,0,0,0,0,0,1,0,0,0,2018,1,48.3,3.5,2.7,0.88,0,-1.60373231015064
"2006",0,1,0,0,0,0,0,0,0,0,0,0,0,1,0,0,0,0,0,2018,3,48.4,8.8,5.5,0.91,0,-0.938769428838515
"2007",0,1,0,0,0,0,0,0,0,0,0,0,0,0,0,0,0,1,0,2018,4,32.1,10,5,0,0,-0.211466277403382
"2008",0,1,0,0,0,0,0,0,0,0,0,0,0,0,0,0,0,0,1,2018,5,41.1,10,3.8,0.01,0,0.391156333785729
"2009",0,1,0,0,0,0,0,0,0,0,0,0,0,0,0,0,1,0,0,2018,6,51,7.1,4.1,0.11,0,0.121015163252679
"2010",0,1,0,0,0,0,0,0,0,0,0,0,1,0,0,0,0,0,0,2018,7,55.3,8.4,5,0.17,0,-0.533557673038941
"2011",0,1,0,0,0,0,0,0,0,0,0,0,0,0,1,0,0,0,0,2018,2,34.5,9.3,5.2,0.04,1,-0.304976682587899
"2012",0,1,0,0,0,0,0,0,0,0,0,0,0,0,0,1,0,0,0,2018,1,37.2,7.1,4.7,0.53,1,-1.67646262529415
"2013",0,1,0,0,0,0,0,0,0,0,0,0,0,1,0,0,0,0,0,2018,3,42.5,9.8,3.8,0.01,0,-2.06089429105272
"2014",0,1,0,0,0,0,0,0,0,0,0,0,0,0,0,0,0,1,0,2018,4,54.4,5.7,4.5,0.04,0,-1.02188978900253
"2015",0,1,0,0,0,0,0,0,0,0,0,0,0,0,0,0,0,0,1,2018,5,65.9,9.5,4.9,0,0,-0.336146817649405
"2016",0,1,0,0,0,0,0,0,0,0,0,0,0,0,0,0,1,0,0,2018,6,48.7,8.4,6.8,0.06,0,-0.866039113695002
"2017",0,1,0,0,0,0,0,0,0,0,0,0,1,0,0,0,0,0,0,2018,7,37.6,7.4,5.9,0.17,0,-0.886819203736006
"2018",0,1,0,0,0,0,0,0,0,0,0,0,0,0,1,0,0,0,0,2018,2,46.1,8.5,4.5,0.06,0,-0.969939563900021
"2019",0,1,0,0,0,0,0,0,0,0,0,0,0,0,0,1,0,0,0,2018,1,42.4,6.5,5.6,0.58,0,-1.9258237057862
"2020",0,1,0,0,0,0,0,0,0,0,0,0,0,1,0,0,0,0,0,2018,3,45.7,8.4,3.5,0.23,0,-0.793308798551489
"2021",0,1,0,0,0,0,0,0,0,0,0,0,0,0,0,0,0,1,0,2018,4,46.5,10,3.6,0,0,-0.0244454670343474
"2022",0,1,0,0,0,0,0,0,0,0,0,0,0,0,0,0,0,0,1,2018,5,49.7,10,4.7,0,0,0.214525568437197
"2023",0,0,1,0,0,0,0,0,0,0,0,0,0,0,0,0,1,0,0,2018,6,55.6,10,4.2,0,0,-0.14912600728037
"2024",0,0,1,0,0,0,0,0,0,0,0,0,1,0,0,0,0,0,0,2018,7,39.8,3.6,8,1.3,0,2.60423592315264
"2025",0,0,1,0,0,0,0,0,0,0,0,0,0,0,1,0,0,0,0,2018,2,40.3,10,9.2,0.94,0,-0.253026457485389
"2026",0,0,1,0,0,0,0,0,0,0,0,0,0,0,0,1,0,0,0,2018,1,40.8,10,8.8,0,0,-1.83231330060168
"2027",0,0,1,0,0,0,0,0,0,0,0,0,0,1,0,0,0,0,0,2018,3,37,10,6.1,0,0,-0.180296142341876
"2028",0,0,1,0,0,0,0,0,0,0,0,0,0,0,0,0,0,1,0,2018,4,38.6,10,4.2,0,0,0.443106558888239
"2029",0,0,1,0,0,0,0,0,0,0,0,0,0,0,0,0,0,0,1,2018,5,35.6,5.2,8.7,0.11,1,-1.20891059937156
"2030",0,0,1,0,0,0,0,0,0,0,0,0,0,0,0,0,1,0,0,2018,6,35.7,9.3,5.8,1.3,0,-0.00366537699334355
"2031",0,0,1,0,0,0,0,0,0,0,0,0,1,0,0,0,0,0,0,2018,7,35.3,10,6.3,0,0,1.22235993542588
"2032",0,0,1,0,0,0,0,0,0,0,0,0,0,0,1,0,0,0,0,2018,2,35.7,10,7.7,0,0,-0.689408348346469
"2033",0,0,1,0,0,0,0,0,0,0,0,0,0,0,0,1,0,0,0,2018,1,37.7,10,4.7,0,0,-1.74919294043766
"2034",0,0,1,0,0,0,0,0,0,0,0,0,0,1,0,0,0,0,0,2018,3,37.8,10,6.6,0,0,0.474276693949744
"2035",0,0,1,0,0,0,0,0,0,0,0,0,0,0,0,0,0,1,0,2018,4,35.8,6.2,7.5,0.29,1,-0.575117853120949
"2036",0,0,1,0,0,0,0,0,0,0,0,0,0,0,0,0,0,0,1,2018,5,34.8,10,9.1,0.07,0,0.193745478396193
"2037",0,0,1,0,0,0,0,0,0,0,0,0,0,0,0,0,1,0,0,2018,6,36.8,9.1,9.3,0.01,0,0.578177144154763
"2038",0,0,1,0,0,0,0,0,0,0,0,0,1,0,0,0,0,0,0,2018,7,35.9,10,8.4,0,0,1.24314002546689
"2039",0,0,1,0,0,0,0,0,0,0,0,0,0,0,1,0,0,0,0,2018,2,35.6,10,7.9,0,0,-0.741358573448979
"2040",0,0,1,0,0,0,0,0,0,0,0,0,0,0,0,1,0,0,0,2018,1,36.2,10,5.6,0,0,-1.11540019418705
"2041",0,0,1,0,0,0,0,0,0,0,0,0,0,1,0,0,0,0,0,2018,3,39.4,10,4.3,0,0,0.547007009093258
"2042",0,0,1,0,0,0,0,0,0,0,0,0,0,0,0,0,0,1,0,2018,4,35,10,7.1,0,0,-0.377706997731412
"2043",0,0,1,0,0,0,0,0,0,0,0,0,0,0,0,0,0,0,1,2018,5,34.6,4.7,9.6,0.01,1,-1.62451240019164
"2044",0,0,1,0,0,0,0,0,0,0,0,0,0,0,0,0,1,0,0,2018,6,37.7,5,6.8,1.04,0,1.3158703406104
"2045",0,0,1,0,0,0,0,0,0,0,0,0,1,0,0,0,0,0,0,2018,7,41.6,10,4.8,0.06,0,1.02494908003635
"2046",0,0,1,0,0,0,0,0,0,0,0,0,0,0,1,0,0,0,0,2018,2,42,10,5.2,0,0,-0.866039113695002
"2047",0,0,1,0,0,0,0,0,0,0,0,0,0,0,0,1,0,0,0,2018,1,39.5,10,6.9,0,0,-1.47905176990461
"2048",0,0,1,0,0,0,0,0,0,0,0,0,0,1,0,0,0,0,0,2018,3,40.6,10,5.5,0,0,0.796368089585303
"2049",0,0,1,0,0,0,0,0,0,0,0,0,0,0,0,0,0,1,0,2018,4,39.8,10,3.2,0,0,-0.066005647116355
"2050",0,0,1,0,0,0,0,0,0,0,0,0,0,0,0,0,0,0,1,2018,5,43.9,8.4,3.6,0.04,0,-0.0452255570753512
"2051",0,0,1,0,0,0,0,0,0,0,0,0,0,0,0,0,1,0,0,2018,6,50.8,6.2,2.4,0.03,0,-0.211466277403382
"2052",0,0,1,0,0,0,0,0,0,0,0,0,1,0,0,0,0,0,0,2018,7,52.5,6,3.3,0.03,0,-0.554337763079945
"2053",0,0,1,0,0,0,0,0,0,0,0,0,0,0,1,0,0,0,0,2018,2,46.6,10,5.4,0.03,0,-0.460827357895428
"2054",0,0,0,1,0,0,0,0,0,0,0,0,0,0,0,1,0,0,0,2018,1,51.1,10,5.7,0,0,-2.43493591179079
"2055",0,0,0,1,0,0,0,0,0,0,0,0,0,1,0,0,0,0,0,2018,3,39.4,7.4,5.7,0.46,1,-0.741358573448979
"2056",0,0,0,1,0,0,0,0,0,0,0,0,0,0,0,0,0,1,0,2018,4,40.6,7.2,3.5,0.13,0,-0.8556490686745
"2057",0,0,0,1,0,0,0,0,0,0,0,0,0,0,0,0,0,0,1,2018,5,46.7,3.9,6,0.26,1,-0.824478933612994
"2058",0,0,0,1,0,0,0,0,0,0,0,0,0,0,0,0,1,0,0,2018,6,40.2,10,9.3,0.04,0,-1.06344996908454
"2059",0,0,0,1,0,0,0,0,0,0,0,0,1,0,0,0,0,0,0,2018,7,44.8,9.4,4.7,0,0,-1.22969068941257
"2060",0,0,0,1,0,0,0,0,0,0,0,0,0,0,1,0,0,0,0,2018,2,45.7,10,5.5,0.11,0,-1.52061194998662
"2061",0,0,0,1,0,0,0,0,0,0,0,0,0,0,0,1,0,0,0,2018,1,38.6,10,7.4,0,0,-1.71802280537616
"2062",0,0,0,1,0,0,0,0,0,0,0,0,0,1,0,0,0,0,0,2018,3,38,10,5.4,0,0,-0.0867857371573588
"2063",0,0,0,1,0,0,0,0,0,0,0,0,0,0,0,0,0,1,0,2018,4,42.9,8.6,4.5,0.01,0,0.359986198724223
"2064",0,0,0,1,0,0,0,0,0,0,0,0,0,0,0,0,0,0,1,2018,5,44.2,10,3.4,0,0,-0.221856322423884
"2065",0,0,0,1,0,0,0,0,0,0,0,0,0,0,0,0,1,0,0,2018,6,51.5,10,3.8,0,0,-0.242636412464887
"2066",0,0,0,1,0,0,0,0,0,0,0,0,1,0,0,0,0,0,0,2018,7,67.3,10,5.7,0,0,1.26392011550789
"2067",0,0,0,1,0,0,0,0,0,0,0,0,0,0,1,0,0,0,0,2018,2,67.9,9.8,5,0,0,-0.0971757821778607
"2068",0,0,0,1,0,0,0,0,0,0,0,0,0,0,0,1,0,0,0,2018,1,42.8,9.2,10.6,0,0,-1.28164091451508
"2069",0,0,0,1,0,0,0,0,0,0,0,0,0,1,0,0,0,0,0,2018,3,45.5,4.7,11.5,1.68,1,1.11845948522086
"2070",0,0,0,1,0,0,0,0,0,0,0,0,0,0,0,0,0,1,0,2018,4,44.6,10,7.7,1.61,0,-0.346536862669907
"2071",0,0,0,1,0,0,0,0,0,0,0,0,0,0,0,0,0,0,1,2018,5,43.9,10,6.2,0,0,0.297645928601212
"2072",0,0,0,1,0,0,0,0,0,0,0,0,0,0,0,0,1,0,0,2018,6,45,9.3,5.7,0.07,0,0.754807909503296
"2073",0,0,0,1,0,0,0,0,0,0,0,0,1,0,0,0,0,0,0,2018,7,42,10,7.9,0.08,0,0.765197954523798
"2074",0,0,0,1,0,0,0,0,0,0,0,0,0,0,1,0,0,0,0,2018,2,48.3,10,5.3,0,0,-0.512777582997937
"2075",0,0,0,1,0,0,0,0,0,0,0,0,0,0,0,1,0,0,0,2018,1,54.5,10,4.2,0,0,-0.679018303325968
"2076",0,0,0,1,0,0,0,0,0,0,0,0,0,1,0,0,0,0,0,2018,3,54.7,10,3.5,0,0,0.432716513867737
"2077",0,0,0,1,0,0,0,0,0,0,0,0,0,0,0,0,0,1,0,2018,4,55.6,9.9,3.6,0,0,0.391156333785729
"2078",0,0,0,1,0,0,0,0,0,0,0,0,0,0,0,0,0,0,1,2018,5,56.3,5.6,4.3,0.54,0,-0.0763956921368569
"2079",0,0,0,1,0,0,0,0,0,0,0,0,0,0,0,0,1,0,0,2018,6,59.7,6.9,3.6,0.56,1,0.99377894497484
"2080",0,0,0,1,0,0,0,0,0,0,0,0,1,0,0,0,0,0,0,2018,7,55.7,8.1,2.6,0.1,0,0.588567189175265
"2081",0,0,0,1,0,0,0,0,0,0,0,0,0,0,1,0,0,0,0,2018,2,56.4,7.7,2.4,0.05,0,-0.304976682587899
"2082",0,0,0,1,0,0,0,0,0,0,0,0,0,0,0,1,0,0,0,2018,1,52.7,9.3,4,0.18,0,-1.33359113961759
"2083",0,0,0,1,0,0,0,0,0,0,0,0,0,1,0,0,0,0,0,2018,3,48,10,5.9,0.08,0,0.2353056584782
"2084",0,0,0,0,1,0,0,0,0,0,0,0,0,0,0,0,0,1,0,2018,4,61.1,10,3.3,0,0,0.827538224646809
"2085",0,0,0,0,1,0,0,0,0,0,0,0,0,0,0,0,0,0,1,2018,5,77,10,4.7,0,0,1.64835178126646
"2086",0,0,0,0,1,0,0,0,0,0,0,0,0,0,0,0,1,0,0,2018,6,80.9,9.8,5.8,0,0,1.62757169122546
"2087",0,0,0,0,1,0,0,0,0,0,0,0,1,0,0,0,0,0,0,2018,7,76.3,9.7,1.9,0.02,0,0.931438674851828
"2088",0,0,0,0,1,0,0,0,0,0,0,0,0,0,1,0,0,0,0,2018,2,70.6,10,4.8,0,0,-0.325756772628903
"2089",0,0,0,0,1,0,0,0,0,0,0,0,0,0,0,1,0,0,0,2018,1,63.8,10,3.9,0,0,-1.43749158982261
"2090",0,0,0,0,1,0,0,0,0,0,0,0,0,1,0,0,0,0,0,2018,3,62.5,10,1.5,0,0,0.640517414277775
"2091",0,0,0,0,1,0,0,0,0,0,0,0,0,0,0,0,0,1,0,2018,4,61.7,10,1.8,0,0,1.06650926011835
"2092",0,0,0,0,1,0,0,0,0,0,0,0,0,0,0,0,0,0,1,2018,5,63,9,1.8,0,0,0.806758134605805
"2093",0,0,0,0,1,0,0,0,0,0,0,0,0,0,0,0,1,0,0,2018,6,59.4,9.5,2.2,0,0,0.308035973621714
"2094",0,0,0,0,1,0,0,0,0,0,0,0,1,0,0,0,0,0,0,2018,7,64.2,8.9,2.8,0.25,0,1.78342236653298
"2095",0,0,0,0,1,0,0,0,0,0,0,0,0,0,1,0,0,0,0,2018,2,58,8.7,2.7,0.06,0,-0.325756772628903
"2096",0,0,0,0,1,0,0,0,0,0,0,0,0,0,0,1,0,0,0,2018,1,52.9,8.5,2.2,0.16,0,-1.08423005912554
"2097",0,0,0,0,1,0,0,0,0,0,0,0,0,1,0,0,0,0,0,2018,3,58,5.9,1.2,0.13,0,0.578177144154763
"2098",0,0,0,0,1,0,0,0,0,0,0,0,0,0,0,0,0,1,0,2018,4,69.5,6.3,2.6,0.03,1,1.50289115097943
"2099",0,0,0,0,1,0,0,0,0,0,0,0,0,0,0,0,0,0,1,2018,5,62.4,7.4,2.5,0.58,0,0.547007009093258
"2100",0,0,0,0,1,0,0,0,0,0,0,0,0,0,0,0,1,0,0,2018,6,61.2,4.2,1.3,0.54,0,1.02494908003635
"2101",0,0,0,0,1,0,0,0,0,0,0,0,1,0,0,0,0,0,0,2018,7,64.3,9.3,4.3,0.02,0,-0.180296142341876
"2102",0,0,0,0,1,0,0,0,0,0,0,0,0,0,1,0,0,0,0,2018,2,53.8,5.5,4.6,0.15,0,-0.523167628018439
"2103",0,0,0,0,1,0,0,0,0,0,0,0,0,0,0,1,0,0,0,2018,1,67.5,5.9,2.7,0.5,0,-0.575117853120949
"2104",0,0,0,0,1,0,0,0,0,0,0,0,0,1,0,0,0,0,0,2018,3,68.1,10,2.4,0,0,-0.0763956921368569
"2105",0,0,0,0,1,0,0,0,0,0,0,0,0,0,0,0,0,1,0,2018,4,63,8.4,1,0,0,0.578177144154763
"2106",0,0,0,0,1,0,0,0,0,0,0,0,0,0,0,0,0,0,1,2018,5,66.7,5.9,1.2,0.58,0,0.99377894497484
"2107",0,0,0,0,1,0,0,0,0,0,0,0,0,0,0,0,1,0,0,2018,6,73.2,10,2.2,0.29,0,1.41977079081542
"2108",0,0,0,0,1,0,0,0,0,0,0,0,1,0,0,0,0,0,0,2018,7,75.3,9.9,4.5,0,0,1.72108209640997
"2109",0,0,0,0,1,0,0,0,0,0,0,0,0,0,1,0,0,0,0,2018,2,79.9,9.6,2.7,0,0,-0.336146817649405
"2110",0,0,0,0,1,0,0,0,0,0,0,0,0,0,0,1,0,0,0,2018,1,67.2,7.8,5.8,0.09,0,-1.52061194998662
"2111",0,0,0,0,1,0,0,0,0,0,0,0,0,1,0,0,0,0,0,2018,3,60.4,9.7,2.7,0.35,0,-2.33103546158577
"2112",0,0,0,0,1,0,0,0,0,0,0,0,0,0,0,0,0,1,0,2018,4,72.8,8.4,1.2,0,0,1.82498254661499
"2113",0,0,0,0,1,0,0,0,0,0,0,0,0,0,0,0,0,0,1,2018,5,70,8,2.3,0,0,0.7755879995443
"2114",0,0,0,0,1,0,0,0,0,0,0,0,0,0,0,0,1,0,0,2018,6,64.8,7.1,2,0,0,0.671687549339281
"2115",0,0,0,0,0,1,0,0,0,0,0,0,1,0,0,0,0,0,0,2018,7,70.2,3.6,1,0.11,0,1.22235993542588
"2116",0,0,0,0,0,1,0,0,0,0,0,0,0,0,1,0,0,0,0,2018,2,76.8,8.7,2.5,0.26,0,-0.117955872218865
"2117",0,0,0,0,0,1,0,0,0,0,0,0,0,0,0,1,0,0,0,2018,1,64,9.4,5.2,0.09,0,-1.12579023920755
"2118",0,0,0,0,0,1,0,0,0,0,0,0,0,1,0,0,0,0,0,2018,3,58.8,8.1,3.4,0.39,0,0.671687549339281
"2119",0,0,0,0,0,1,0,0,0,0,0,0,0,0,0,0,0,1,0,2018,4,65.6,9.5,2.7,0.01,0,0.567787099134261
"2120",0,0,0,0,0,1,0,0,0,0,0,0,0,0,0,0,0,0,1,2018,5,63.8,10,2.3,0,0,0.183355433375691
"2121",0,0,0,0,0,1,0,0,0,0,0,0,0,0,0,0,1,0,0,2018,6,63.6,10,2.7,0,0,0.619737324236771
"2122",0,0,0,0,0,1,0,0,0,0,0,0,1,0,0,0,0,0,0,2018,7,69.1,10,2.3,0,0,1.28470020554889
"2123",0,0,0,0,0,1,0,0,0,0,0,0,0,0,1,0,0,0,0,2018,2,74.4,10,2.1,0,0,0.754807909503296
"2124",0,0,0,0,0,1,0,0,0,0,0,0,0,0,0,1,0,0,0,2018,1,68.3,10,0.6,0,0,-1.04266987904353
"2125",0,0,0,0,0,1,0,0,0,0,0,0,0,1,0,0,0,0,0,2018,3,63.9,9.9,2.5,0.01,0,0.547007009093258
"2126",0,0,0,0,0,1,0,0,0,0,0,0,0,0,0,0,0,1,0,2018,4,64.6,10,2.7,0,0,0.900268539790323
"2127",0,0,0,0,0,1,0,0,0,0,0,0,0,0,0,0,0,0,1,2018,5,68.7,9,2.7,0,0,0.754807909503296
"2128",0,0,0,0,0,1,0,0,0,0,0,0,0,0,0,0,1,0,0,2018,6,75.8,9.9,6.4,0.04,0,2.07434362710704
"2129",0,0,0,0,0,1,0,0,0,0,0,0,1,0,0,0,0,0,0,2018,7,70.2,10,3.5,0,0,0.983388899954338
"2130",0,0,0,0,0,1,0,0,0,0,0,0,0,0,1,0,0,0,0,2018,2,73.1,10,1.6,0,0,0.45349660390874
"2131",0,0,0,0,0,1,0,0,0,0,0,0,0,0,0,1,0,0,0,2018,1,77.5,10,1.5,0,0,-0.066005647116355
"2132",0,0,0,0,0,1,0,0,0,0,0,0,0,1,0,0,0,0,0,2018,3,80.9,9,3.9,0,0,1.81459250159449
"2133",0,0,0,0,0,1,0,0,0,0,0,0,0,0,0,0,0,1,0,2018,4,80.6,8.7,4.3,0.15,0,1.8561526816765
"2134",0,0,0,0,0,1,0,0,0,0,0,0,0,0,0,0,0,0,1,2018,5,75.9,10,1.6,0.07,0,0.671687549339281
"2135",0,0,0,0,0,1,0,0,0,0,0,0,0,0,0,0,1,0,0,2018,6,74,7.4,1.9,0.68,0,1.887322816738
"2136",0,0,0,0,0,1,0,0,0,0,0,0,1,0,0,0,0,0,0,2018,7,71,10,3.1,0.59,0,0.983388899954338
"2137",0,0,0,0,0,1,0,0,0,0,0,0,0,0,1,0,0,0,0,2018,2,64.2,9,4.9,0.1,0,-1.25047077945357
"2138",0,0,0,0,0,1,0,0,0,0,0,0,0,0,0,1,0,0,0,2018,1,72.3,7.6,1.5,0,0,-0.834868978633496
"2139",0,0,0,0,0,1,0,0,0,0,0,0,0,1,0,0,0,0,0,2018,3,74.1,9.9,4.2,0,0,1.03533912505685
"2140",0,0,0,0,0,1,0,0,0,0,0,0,0,0,0,0,0,1,0,2018,4,70.5,10,3.5,0,0,1.3366504306514
"2141",0,0,0,0,0,1,0,0,0,0,0,0,0,0,0,0,0,0,1,2018,5,69.3,9.8,3,0,0,-0.969939563900021
"2142",0,0,0,0,0,1,0,0,0,0,0,0,0,0,0,0,1,0,0,2018,6,73.3,6.8,2.3,0.31,1,1.07689930513885
"2143",0,0,0,0,0,1,0,0,0,0,0,0,1,0,0,0,0,0,0,2018,7,79,9.8,2.6,1.06,0,2.19902416735306
"2144",0,0,0,0,0,1,0,0,0,0,0,0,0,0,1,0,0,0,0,2018,2,83.1,10,1.4,0,0,0.183355433375691
"2145",0,0,0,0,0,0,1,0,0,0,0,0,0,0,0,1,0,0,0,2018,1,86.4,9.3,2.1,0,0,-0.730968528428477
"2146",0,0,0,0,0,0,1,0,0,0,0,0,0,1,0,0,0,0,0,2018,3,86.6,8.3,2.8,0,0,0.889878494769821
"2147",0,0,0,0,0,0,1,0,0,0,0,0,0,0,0,0,0,1,0,2018,4,82.5,6.3,0.8,0,0,0.463886648929242
"2148",0,0,0,0,0,0,1,0,0,0,0,0,0,0,0,0,0,0,1,2018,5,80.4,6.7,0.5,0.01,0,-2.36220559664728
"2149",0,0,0,0,0,0,1,0,0,0,0,0,0,0,0,0,1,0,0,2018,6,81,8.9,2.5,0,0,0.900268539790323
"2150",0,0,0,0,0,0,1,0,0,0,0,0,1,0,0,0,0,0,0,2018,7,78.2,8.7,3.6,0.06,1,0.214525568437197
"2151",0,0,0,0,0,0,1,0,0,0,0,0,0,0,1,0,0,0,0,2018,2,70.3,10,4.8,0.17,0,-1.11540019418705
"2152",0,0,0,0,0,0,1,0,0,0,0,0,0,0,0,1,0,0,0,2018,1,71.3,10,1.5,0,0,-0.917989338797511
"2153",0,0,0,0,0,0,1,0,0,0,0,0,0,1,0,0,0,0,0,2018,3,75.7,10,2.2,0,0,0.401546378806231
"2154",0,0,0,0,0,0,1,0,0,0,0,0,0,0,0,0,0,1,0,2018,4,80.8,10,3.2,0,0,0.972998854933836
"2155",0,0,0,0,0,0,1,0,0,0,0,0,0,0,0,0,0,0,1,2018,5,80.9,10,2.8,0,0,-0.066005647116355
"2156",0,0,0,0,0,0,1,0,0,0,0,0,0,0,0,0,1,0,0,2018,6,74.3,9.3,1,0.71,1,0.0898450281911736
"2157",0,0,0,0,0,0,1,0,0,0,0,0,1,0,0,0,0,0,0,2018,7,75.5,10,1.5,0,0,0.962608809913334
"2158",0,0,0,0,0,0,1,0,0,0,0,0,0,0,1,0,0,0,0,2018,2,78.5,10,3,0,0,-0.58550789814145
"2159",0,0,0,0,0,0,1,0,0,0,0,0,0,0,0,1,0,0,0,2018,1,75.5,7.8,3.1,1,1,-0.720578483407975
"2160",0,0,0,0,0,0,1,0,0,0,0,0,0,1,0,0,0,0,0,2018,3,81.5,9.1,2.1,0.64,0,0.889878494769821
"2161",0,0,0,0,0,0,1,0,0,0,0,0,0,0,0,0,0,1,0,2018,4,79.2,7.2,3,0,1,0.484666738970246
"2162",0,0,0,0,0,0,1,0,0,0,0,0,0,0,0,0,0,0,1,2018,5,74.4,8.8,2.5,2.24,0,0.567787099134261
"2163",0,0,0,0,0,0,1,0,0,0,0,0,0,0,0,0,1,0,0,2018,6,74.4,10,2.2,0,0,1.09767939517986
"2164",0,0,0,0,0,0,1,0,0,0,0,0,1,0,0,0,0,0,0,2018,7,74.2,9.9,1.3,0,0,0.692467639380284
"2165",0,0,0,0,0,0,1,0,0,0,0,0,0,0,1,0,0,0,0,2018,2,71.8,10,4.4,0,0,-0.117955872218865
"2166",0,0,0,0,0,0,1,0,0,0,0,0,0,0,0,1,0,0,0,2018,1,72.7,6.6,3.4,0.83,1,-0.969939563900021
"2167",0,0,0,0,0,0,1,0,0,0,0,0,0,1,0,0,0,0,0,2018,3,75.6,5.6,3.8,0.92,1,-0.20107623238288
"2168",0,0,0,0,0,0,1,0,0,0,0,0,0,0,0,0,0,1,0,2018,4,77.8,8.7,4.5,0.13,0,0.214525568437197
"2169",0,0,0,0,0,0,1,0,0,0,0,0,0,0,0,0,0,0,1,2018,5,75.8,7.4,3.4,0.51,1,0.245695703498702
"2170",0,0,0,0,0,0,1,0,0,0,0,0,0,0,0,0,1,0,0,2018,6,76.5,9,2.1,0.25,0,-0.284196592546895
"2171",0,0,0,0,0,0,1,0,0,0,0,0,1,0,0,0,0,0,0,2018,7,78.9,8.2,2.9,0.03,0,1.24314002546689
"2172",0,0,0,0,0,0,1,0,0,0,0,0,0,0,1,0,0,0,0,2018,2,75.6,6.5,0.5,0.25,0,0.0378948030886641
"2173",0,0,0,0,0,0,1,0,0,0,0,0,0,0,0,1,0,0,0,2018,1,76.4,10,1.7,0,0,-1.76997303047867
"2174",0,0,0,0,0,0,1,0,0,0,0,0,0,1,0,0,0,0,0,2018,3,74.6,9.8,1.4,0,1,-0.554337763079945
"2175",0,0,0,0,0,0,1,0,0,0,0,0,0,0,0,0,0,1,0,2018,4,73,9.5,0.9,0.37,0,0.785978044564801
"2176",0,0,0,0,0,0,0,1,0,0,0,0,0,0,0,0,0,0,1,2018,5,77.2,8.9,1.6,0.04,0,0.276865838560208
"2177",0,0,0,0,0,0,0,1,0,0,0,0,0,0,0,0,1,0,0,2018,6,80.8,10,2.5,0.06,0,0.921048629831326
"2178",0,0,0,0,0,0,0,1,0,0,0,0,1,0,0,0,0,0,0,2018,7,77,8.3,1.4,0.51,1,1.20157984538488
"2179",0,0,0,0,0,0,0,1,0,0,0,0,0,0,1,0,0,0,0,2018,2,77.8,9.2,2,0.24,1,-0.294586637567397
"2180",0,0,0,0,0,0,0,1,0,0,0,0,0,0,0,1,0,0,0,2018,1,81.8,10,1.4,0.74,0,-0.627068078223458
"2181",0,0,0,0,0,0,0,1,0,0,0,0,0,1,0,0,0,0,0,2018,3,84.4,8.7,1.6,0,0,-0.0140554220138455
"2182",0,0,0,0,0,0,0,1,0,0,0,0,0,0,0,0,0,1,0,2018,4,82.5,7.6,3,0,0,0.256085748519204
"2183",0,0,0,0,0,0,0,1,0,0,0,0,0,0,0,0,0,0,1,2018,5,80.4,9.3,1.8,0.05,0,0.2353056584782
"2184",0,0,0,0,0,0,0,1,0,0,0,0,0,0,0,0,1,0,0,2018,6,80.7,8.8,2.4,0.61,1,0.785978044564801
"2185",0,0,0,0,0,0,0,1,0,0,0,0,1,0,0,0,0,0,0,2018,7,79.3,9.3,1.6,0,0,0.765197954523798
"2186",0,0,0,0,0,0,0,1,0,0,0,0,0,0,1,0,0,0,0,2018,2,74.6,6.2,1.3,0.96,1,-0.679018303325968
"2187",0,0,0,0,0,0,0,1,0,0,0,0,0,0,0,1,0,0,0,2018,1,76,7.1,1.6,1.94,0,-1.3959314097406
"2188",0,0,0,0,0,0,0,1,0,0,0,0,0,1,0,0,0,0,0,2018,3,73.6,7.8,3.9,0,0,-0.169906097321374
"2189",0,0,0,0,0,0,0,1,0,0,0,0,0,0,0,0,0,1,0,2018,4,74.1,6,1.2,0.66,1,0.702857684400786
"2190",0,0,0,0,0,0,0,1,0,0,0,0,0,0,0,0,0,0,1,2018,5,76.9,9.6,4.1,0.79,0,0.121015163252679
"2191",0,0,0,0,0,0,0,1,0,0,0,0,0,0,0,0,1,0,0,2018,6,82,8,2.4,0,0,0.141795253293683
"2192",0,0,0,0,0,0,0,1,0,0,0,0,1,0,0,0,0,0,0,2018,7,82.5,7.7,2.5,0,0,0.72363777444179
"2193",0,0,0,0,0,0,0,1,0,0,0,0,0,0,1,0,0,0,0,2018,2,76.9,6.9,3.3,1.1,1,-0.564727808100447
"2194",0,0,0,0,0,0,0,1,0,0,0,0,0,0,0,1,0,0,0,2018,1,70.8,9.4,4.1,0.01,0,-1.48944181492512
"2195",0,0,0,0,0,0,0,1,0,0,0,0,0,1,0,0,0,0,0,2018,3,70.3,9.5,3.3,0.02,0,-0.741358573448979
"2196",0,0,0,0,0,0,0,1,0,0,0,0,0,0,0,0,0,1,0,2018,4,71.7,10,2.5,0,0,-0.554337763079945
"2197",0,0,0,0,0,0,0,1,0,0,0,0,0,0,0,0,0,0,1,2018,5,75.5,8.6,3.9,0.83,1,-0.356926907690408
"2198",0,0,0,0,0,0,0,1,0,0,0,0,0,0,0,0,1,0,0,2018,6,72.1,9.9,3.2,0.72,0,-0.242636412464887
"2199",0,0,0,0,0,0,0,1,0,0,0,0,1,0,0,0,0,0,0,2018,7,73,10,1.6,0,0,0.495056783990748
"2200",0,0,0,0,0,0,0,1,0,0,0,0,0,0,1,0,0,0,0,2018,2,73.2,10,1.2,0,0,-0.845259023653998
"2201",0,0,0,0,0,0,0,1,0,0,0,0,0,0,0,1,0,0,0,2018,1,74.8,10,2.4,0,0,-1.09462010414604
"2202",0,0,0,0,0,0,0,1,0,0,0,0,0,1,0,0,0,0,0,2018,3,80.3,8.7,2.3,0,0,0.183355433375691
"2203",0,0,0,0,0,0,0,1,0,0,0,0,0,0,0,0,0,1,0,2018,4,85.5,7.4,3.1,0,0,0.848318314687813
"2204",0,0,0,0,0,0,0,1,0,0,0,0,0,0,0,0,0,0,1,2018,5,86.5,9,4.2,0,0,0.536616964072756
"2205",0,0,0,0,0,0,0,1,0,0,0,0,0,0,0,0,1,0,0,2018,6,84.2,9.8,4.2,0,0,1.06650926011835
"2206",0,0,0,0,0,0,0,1,0,0,0,0,1,0,0,0,0,0,0,2018,7,74.9,9.8,3,0,0,-0.107565827198363
"2207",0,0,0,0,0,0,0,0,1,0,0,0,0,0,1,0,0,0,0,2018,2,72.6,10,2.4,0.03,0,-1.08423005912554
"2208",0,0,0,0,0,0,0,0,1,0,0,0,0,0,0,1,0,0,0,2018,1,73.4,10,1.1,0,0,-1.09462010414604
"2209",0,0,0,0,0,0,0,0,1,0,0,0,0,1,0,0,0,0,0,2018,3,80.7,10,2.3,0,0,-1.04266987904353
"2210",0,0,0,0,0,0,0,0,1,0,0,0,0,0,0,0,0,1,0,2018,4,83.8,10,2.1,0,0,1.58601151114345
"2211",0,0,0,0,0,0,0,0,1,0,0,0,0,0,0,0,0,0,1,2018,5,82,10,0.5,0,0,1.39899070077441
"2212",0,0,0,0,0,0,0,0,1,0,0,0,0,0,0,0,1,0,0,2018,6,82.5,8.7,3.1,0,1,1.96005313188152
"2213",0,0,0,0,0,0,0,0,1,0,0,0,1,0,0,0,0,0,0,2018,7,73.9,9.8,4.7,0.36,0,0.391156333785729
"2214",0,0,0,0,0,0,0,0,1,0,0,0,0,0,1,0,0,0,0,2018,2,68.3,9.8,5.1,0,0,-0.679018303325968
"2215",0,0,0,0,0,0,0,0,1,0,0,0,0,0,0,1,0,0,0,2018,1,59.1,8.9,5.2,0.06,0,-0.803698843571991
"2216",0,0,0,0,0,0,0,0,1,0,0,0,0,1,0,0,0,0,0,2018,3,58.7,6.7,5.8,0.84,0,0.172965388355189
"2217",0,0,0,0,0,0,0,0,1,0,0,0,0,0,0,0,0,1,0,2018,4,66.8,4.2,2.3,0.51,1,-0.928379383818013
"2218",0,0,0,0,0,0,0,0,1,0,0,0,0,0,0,0,0,0,1,2018,5,73.5,5.6,0.6,0.03,1,1.55484137608194
"2219",0,0,0,0,0,0,0,0,1,0,0,0,0,0,0,0,1,0,0,2018,6,71.7,8.9,0,0.26,0,0.879488449749319
"2220",0,0,0,0,0,0,0,0,1,0,0,0,1,0,0,0,0,0,0,2018,7,71.3,9.3,0,0.13,0,0.526226919052254
"2221",0,0,0,0,0,0,0,0,1,0,0,0,0,0,1,0,0,0,0,2018,2,72,9.9,0,0,0,-0.388097042751914
"2222",0,0,0,0,0,0,0,0,1,0,0,0,0,0,0,1,0,0,0,2018,1,73.8,9.9,0,0,0,-0.377706997731412
"2223",0,0,0,0,0,0,0,0,1,0,0,0,0,1,0,0,0,0,0,2018,3,73.2,10,0,0,0,0.411936423826733
"2224",0,0,0,0,0,0,0,0,1,0,0,0,0,0,0,0,0,1,0,2018,4,74.8,8.4,1.9,0.02,1,1.10806944020036
"2225",0,0,0,0,0,0,0,0,1,0,0,0,0,0,0,0,0,0,1,2018,5,73.8,10,2.8,1.18,0,-1.18813050933056
"2226",0,0,0,0,0,0,0,0,1,0,0,0,0,0,0,0,1,0,0,2018,6,68.1,10,1.8,0,0,0.266475793539706
"2227",0,0,0,0,0,0,0,0,1,0,0,0,1,0,0,0,0,0,0,2018,7,68.7,10,1.7,0,0,0.848318314687813
"2228",0,0,0,0,0,0,0,0,1,0,0,0,0,0,1,0,0,0,0,2018,2,70.4,10,4.2,0,0,-0.741358573448979
"2229",0,0,0,0,0,0,0,0,1,0,0,0,0,0,0,1,0,0,0,2018,1,62.9,10,2.9,0,0,-1.64529249023265
"2230",0,0,0,0,0,0,0,0,1,0,0,0,0,1,0,0,0,0,0,2018,3,63,10,5.1,0,0,-0.408877132792918
"2231",0,0,0,0,0,0,0,0,1,0,0,0,0,0,0,0,0,1,0,2018,4,64.5,5.6,3.6,0.27,1,0.848318314687813
"2232",0,0,0,0,0,0,0,0,1,0,0,0,0,0,0,0,0,0,1,2018,5,74.9,7.3,1.2,1.81,0,1.26392011550789
"2233",0,0,0,0,0,0,0,0,1,0,0,0,0,0,0,0,1,0,0,2018,6,67.7,9.2,4,0.08,0,0.401546378806231
"2234",0,0,0,0,0,0,0,0,1,0,0,0,1,0,0,0,0,0,0,2018,7,61.6,8,3.7,0.75,0,0.817148179626307
"2235",0,0,0,0,0,0,0,0,1,0,0,0,0,0,1,0,0,0,0,2018,2,63.6,10,2.3,0.02,0,-0.315366727608401
"2236",0,0,0,0,0,0,0,0,1,0,0,0,0,0,0,1,0,0,0,2018,1,62.4,10,1.9,0,0,-1.28164091451508
"2237",0,0,0,0,0,0,0,0,0,0,0,1,0,1,0,0,0,0,0,2018,3,68.5,10,2,0,0,-0.523167628018439
"2238",0,0,0,0,0,0,0,0,0,0,0,1,0,0,0,0,0,1,0,2018,4,71.9,9.2,1.4,0,0,-0.211466277403382
"2239",0,0,0,0,0,0,0,0,0,0,0,1,0,0,0,0,0,0,1,2018,5,68.4,9.3,2.8,0.69,1,1.50289115097943
"2240",0,0,0,0,0,0,0,0,0,0,0,1,0,0,0,0,1,0,0,2018,6,67.7,9.3,0,0,0,0.869098404728817
"2241",0,0,0,0,0,0,0,0,0,0,0,1,1,0,0,0,0,0,0,2018,7,66.4,9.7,3.7,0.04,0,1.68991196134847
"2242",0,0,0,0,0,0,0,0,0,0,0,1,0,0,1,0,0,0,0,2018,2,64.2,8.5,0.7,0,0,-0.928379383818013
"2243",0,0,0,0,0,0,0,0,0,0,0,1,0,0,0,1,0,0,0,2018,1,71.6,8.9,2.2,0,0,-1.08423005912554
"2244",0,0,0,0,0,0,0,0,0,0,0,1,0,1,0,0,0,0,0,2018,3,68.2,8.1,3.1,0,0,-1.3751513196996
"2245",0,0,0,0,0,0,0,0,0,0,0,1,0,0,0,0,0,1,0,2018,4,69.8,7.8,0.8,0,0,-0.0556156020958531
"2246",0,0,0,0,0,0,0,0,0,0,0,1,0,0,0,0,0,0,1,2018,5,73.3,9.4,1.9,0,0,0.7755879995443
"2247",0,0,0,0,0,0,0,0,0,0,0,1,0,0,0,0,1,0,0,2018,6,73.1,8.6,1.6,0,1,1.11845948522086
"2248",0,0,0,0,0,0,0,0,0,0,0,1,1,0,0,0,0,0,0,2018,7,62.3,8.4,4.2,1.27,0,2.04317349204553
"2249",0,0,0,0,0,0,0,0,0,0,0,1,0,0,1,0,0,0,0,2018,2,51.5,9.6,2.4,0.04,0,-0.58550789814145
"2250",0,0,0,0,0,0,0,0,0,0,0,1,0,0,0,1,0,0,0,2018,1,51.9,10,0,0.06,0,-1.21930064439207
"2251",0,0,0,0,0,0,0,0,0,0,0,1,0,1,0,0,0,0,0,2018,3,58.8,9.2,0,0.02,0,0.609347279216269
"2252",0,0,0,0,0,0,0,0,0,0,0,1,0,0,0,0,0,1,0,2018,4,54.7,9.8,0,0.04,0,0.567787099134261
"2253",0,0,0,0,0,0,0,0,0,0,0,1,0,0,0,0,0,0,1,2018,5,53.1,10,0,0.01,0,0.682077594359782
"2254",0,0,0,0,0,0,0,0,0,0,0,1,0,0,0,0,1,0,0,2018,6,46.7,10,0,0,0,1.05611921509785
"2255",0,0,0,0,0,0,0,0,0,0,0,1,1,0,0,0,0,0,0,2018,7,49.2,10,0,0,0,1.59640155616395
"2256",0,0,0,0,0,0,0,0,0,0,0,1,0,0,1,0,0,0,0,2018,2,56.8,9.8,0,0.06,0,-0.0452255570753512
"2257",0,0,0,0,0,0,0,0,0,0,0,1,0,0,0,1,0,0,0,2018,1,47.9,10,0,0,0,-0.41926717781342
"2258",0,0,0,0,0,0,0,0,0,0,0,1,0,1,0,0,0,0,0,2018,3,44.2,10,0,0,0,0.172965388355189
"2259",0,0,0,0,0,0,0,0,0,0,0,1,1,0,0,0,0,0,0,2018,7,43.7,8.4,0,0,0,1.18079975534387
"2260",0,0,0,0,0,0,0,0,0,0,0,1,0,0,1,0,0,0,0,2018,2,47.4,5.4,0,0.71,0,1.28470020554889
"2261",0,0,0,0,0,0,0,0,0,0,0,1,0,0,0,1,0,0,0,2018,1,48.5,7.9,0,0.58,0,-0.803698843571991
"2262",0,0,0,0,0,0,0,0,0,0,0,1,0,1,0,0,0,0,0,2018,3,51.4,9.5,0,0.08,0,0.650907459298277
"2263",0,0,0,0,0,0,0,0,0,0,0,1,0,0,0,0,0,1,0,2018,4,48.3,10,0,0.03,0,0.910658584810824
"2264",0,0,0,0,0,0,0,0,0,0,0,1,0,0,0,0,0,0,1,2018,5,53.1,10,0,0,0,0.131405208273181
"2265",0,0,0,0,0,0,0,0,0,0,1,0,0,0,0,0,1,0,0,2018,6,62.2,9.7,0,0,0,0.650907459298277
"2266",0,0,0,0,0,0,0,0,0,0,1,0,1,0,0,0,0,0,0,2018,7,67.7,9.7,0,0,0,1.17040971032337
"2267",0,0,0,0,0,0,0,0,0,0,1,0,0,0,1,0,0,0,0,2018,2,58.4,7,0,0.59,0,0.2353056584782
"2268",0,0,0,0,0,0,0,0,0,0,1,0,0,0,0,1,0,0,0,2018,1,48.9,10,0,0.37,0,-1.36476127467909
"2269",0,0,0,0,0,0,0,0,0,0,1,0,0,1,0,0,0,0,0,2018,3,50.2,8.9,0,0,0,1.3054802955899
"2270",0,0,0,0,0,0,0,0,0,0,1,0,0,0,0,0,0,1,0,2018,4,52.7,3.3,0,0.3,0,0.474276693949744
"2271",0,0,0,0,0,0,0,0,0,0,1,0,0,0,0,0,0,0,1,2018,5,57,9.5,0,0.68,0,0.650907459298277
"2272",0,0,0,0,0,0,0,0,0,0,1,0,0,0,0,0,1,0,0,2018,6,52,10,0,0,0,-0.0244454670343474
"2273",0,0,0,0,0,0,0,0,0,0,1,0,1,0,0,0,0,0,0,2018,7,46.8,8.6,0,0,0,2.4276051578041
"2274",0,0,0,0,0,0,0,0,0,0,1,0,0,0,1,0,0,0,0,2018,2,45.9,8.3,0,0.8,0,-0.284196592546895
"2275",0,0,0,0,0,0,0,0,0,0,1,0,0,0,0,1,0,0,0,2018,1,38.8,10,0,0.03,0,-1.3855413647201
"2276",0,0,0,0,0,0,0,0,0,0,1,0,0,1,0,0,0,0,0,2018,3,42.8,10,0,0,0,-1.4167114997816
"2277",0,0,0,0,0,0,0,0,0,0,1,0,0,0,0,0,0,1,0,2018,4,46.6,5.8,0,0.72,0,1.25353007048739
"2278",0,0,0,0,0,0,0,0,0,0,1,0,0,0,0,0,0,0,1,2018,5,38.7,10,0,0.38,0,0.567787099134261
"2279",0,0,0,0,0,0,0,0,0,0,1,0,1,0,0,0,0,0,0,2018,7,38.9,6.8,0,1.4,0,0.900268539790323
"2280",0,0,0,0,0,0,0,0,0,0,1,0,0,0,1,0,0,0,0,2018,2,42,10,0,0.07,0,-0.772528708510485
"2281",0,0,0,0,0,0,0,0,0,0,1,0,0,0,0,1,0,0,0,2018,1,42.2,10,0,0,0,-1.69724271533515
"2282",0,0,0,0,0,0,0,0,0,0,1,0,0,1,0,0,0,0,0,2018,3,45.5,8.4,0,0,0,0.661297504318779
"2283",0,0,0,0,0,0,0,0,0,0,1,0,0,0,0,0,0,1,0,2018,4,45.4,7.8,0,0,0,0.640517414277775
"2284",0,0,0,0,0,0,0,0,0,0,1,0,0,0,0,0,0,0,1,2018,5,40.1,9.7,0,0,0,1.02494908003635
"2285",0,0,0,0,0,0,0,0,0,0,1,0,0,0,0,0,1,0,0,2018,6,25.2,10,0,0,0,-2.29986532652427
"2286",0,0,0,0,0,0,0,0,0,0,1,0,1,0,0,0,0,0,0,2018,7,22.3,10,0,0,0,-1.63490244521214
"2287",0,0,0,0,0,0,0,0,0,0,1,0,0,0,1,0,0,0,0,2018,2,36.7,10,0,0,0,-1.01149974398203
"2288",0,0,0,0,0,0,0,0,0,0,1,0,0,0,0,1,0,0,0,2018,1,49.1,7.3,0,1.78,0,-1.56217213006863
"2289",0,0,0,0,0,0,0,0,0,0,1,0,0,1,0,0,0,0,0,2018,3,50,8.6,0,0.81,0,1.13923957526187
"2290",0,0,0,0,0,0,0,0,0,0,1,0,0,0,0,0,0,1,0,2018,4,43.3,8.5,0,0.85,0,-0.253026457485389
"2291",0,0,0,0,0,0,0,0,0,0,1,0,0,0,0,0,0,0,1,2018,5,38.6,10,0,0.03,0,-0.627068078223458
"2292",0,0,0,0,0,0,0,0,0,0,1,0,0,0,0,0,1,0,0,2018,6,41.8,10,0,0,0,0.131405208273181
"2293",0,0,0,0,0,0,0,0,0,0,1,0,1,0,0,0,0,0,0,2018,7,39.9,9.8,0,0,0,1.13923957526187
"2294",0,0,0,0,0,0,0,0,0,1,0,0,0,0,1,0,0,0,0,2018,2,41.2,9.8,0,0.02,0,-0.336146817649405
"2295",0,0,0,0,0,0,0,0,0,1,0,0,0,0,0,1,0,0,0,2018,1,47.4,3.3,0,0.34,0,-0.782918753530987
"2296",0,0,0,0,0,0,0,0,0,1,0,0,0,1,0,0,0,0,0,2018,3,53.5,7.9,0,0.3,0,0.661297504318779
"2297",0,0,0,0,0,0,0,0,0,1,0,0,0,0,0,0,0,1,0,2018,4,40.7,10,0,0,0,0.526226919052254
"2298",0,0,0,0,0,0,0,0,0,1,0,0,0,0,0,0,0,0,1,2018,5,32.5,10,0,0,0,0.193745478396193
"2299",0,0,0,0,0,0,0,0,0,1,0,0,0,0,0,0,1,0,0,2018,6,34.5,10,0,0,0,0.495056783990748
"2300",0,0,0,0,0,0,0,0,0,1,0,0,1,0,0,0,0,0,0,2018,7,36.5,10,0,0,0,0.744417864482794
"2301",0,0,0,0,0,0,0,0,0,1,0,0,0,0,1,0,0,0,0,2018,2,29.7,10,0,0,0,0.193745478396193
"2302",0,0,0,0,0,0,0,0,0,1,0,0,0,0,0,1,0,0,0,2018,1,32.1,10,0,0,0,-1.74919294043766
"2303",0,0,0,0,0,0,0,0,0,1,0,0,0,1,0,0,0,0,0,2018,3,33.4,10,0,0,0,0.183355433375691
"2304",0,0,0,0,0,0,0,0,0,1,0,0,0,0,0,0,0,1,0,2018,4,34.2,10,0,0,0,0.765197954523798
"2305",0,0,0,0,0,0,0,0,0,1,0,0,0,0,0,0,0,0,1,2018,5,36.1,9.4,0,0,0,-0.0244454670343474
"2306",0,0,0,0,0,0,0,0,0,1,0,0,0,0,0,0,1,0,0,2018,6,35.9,7.6,0,0,0,0.547007009093258
"2307",0,0,0,0,0,0,0,0,0,1,0,0,1,0,0,0,0,0,0,2018,7,44.4,9.7,0,0.03,0,2.15746398727105
"2308",0,0,0,0,0,0,0,0,0,1,0,0,0,0,1,0,0,0,0,2018,2,49.7,5.3,0,0.23,0,-0.0556156020958531
"2309",0,0,0,0,0,0,0,0,0,1,0,0,0,0,0,1,0,0,0,2018,1,42.2,5.3,0,0.41,0,-0.117955872218865
"2310",0,0,0,0,0,0,0,0,0,1,0,0,0,1,0,0,0,0,0,2018,3,40.4,9.3,0,1.06,0,0.578177144154763
"2311",0,0,0,0,0,0,0,0,0,1,0,0,0,0,0,0,0,1,0,2018,4,35.5,10,0,0.03,0,1.01455903501584
"2312",0,0,0,0,0,0,0,0,0,1,0,0,0,0,0,0,0,0,1,2018,5,32.1,10,0,0,0,1.20157984538488
"2313",0,0,0,0,0,0,0,0,0,1,0,0,0,0,0,0,1,0,0,2018,6,41.8,8.5,0,0,0,1.79381241155349
"2314",0,0,0,0,0,0,0,0,0,1,0,0,1,0,0,0,0,0,0,2018,7,54.7,3.4,0,1.13,1,1.54445133106144
"2315",0,0,0,0,0,0,0,0,0,1,0,0,0,0,1,0,0,0,0,2018,2,47.9,9.1,0,0.72,0,-0.679018303325968
"2316",0,0,0,0,0,0,0,0,0,1,0,0,0,0,0,1,0,0,0,2018,1,40,10,0,0.02,0,-1.33359113961759
"2317",0,0,0,0,0,0,0,0,0,1,0,0,0,1,0,0,0,0,0,2018,3,39.5,7.7,0,0.11,0,-0.554337763079945
"2318",0,0,0,0,0,0,0,0,0,1,0,0,0,0,0,0,0,0,1,2018,5,36.8,10,0,0,0,-1.24008073443307
"2319",0,0,0,0,0,0,0,0,0,1,0,0,0,0,0,0,1,0,0,2018,6,40.3,10,0,0,0,-0.533557673038941
"2320",0,0,0,0,0,0,0,0,0,1,0,0,1,0,0,0,0,0,0,2018,7,48.8,5.5,0,0.18,0,0.495056783990748
"2321",0,0,0,0,0,0,0,0,0,1,0,0,0,0,1,0,0,0,0,2018,2,51.9,9.2,0,0.97,0,-1.3959314097406
"2322",0,0,0,0,0,0,0,0,0,1,0,0,0,0,0,1,0,0,0,2018,1,37.4,9.5,0,0,0,-2.38298568668828
"2323",0,0,0,0,0,0,0,0,0,1,0,0,0,1,0,0,0,0,0,2018,3,41,8.9,0,0,0,-0.117955872218865
"2324",1,0,0,0,0,0,0,0,0,0,0,0,0,0,0,0,0,1,0,2019,4,50.5,7,0,1.08,0,-1.72357686077812
"2325",1,0,0,0,0,0,0,0,0,0,0,0,0,0,0,0,0,0,1,2019,5,38,10,0,0.06,0,-0.89967963286648
"2326",1,0,0,0,0,0,0,0,0,0,0,0,0,0,0,0,1,0,0,2019,6,41.1,9.9,0,0,0,-0.876793598757823
"2327",1,0,0,0,0,0,0,0,0,0,0,0,1,0,0,0,0,0,0,2019,7,39.7,9.9,0,0,0,0.198850004349046
"2328",1,0,0,0,0,0,0,0,0,0,0,0,0,0,1,0,0,0,0,2019,2,44.2,5.3,0,0.22,0,-1.43750143441991
"2329",1,0,0,0,0,0,0,0,0,0,0,0,0,0,0,1,0,0,0,2019,1,43.5,10,0,0.28,0,-2.34149978171186
"2330",1,0,0,0,0,0,0,0,0,0,0,0,0,1,0,0,0,0,0,2019,3,29.5,10,0,0,0,0.0386477655884481
"2331",1,0,0,0,0,0,0,0,0,0,0,0,0,0,0,0,0,1,0,2019,4,38.9,6.8,0,0.07,0,-0.110111456117821
"2332",1,0,0,0,0,0,0,0,0,0,0,0,0,0,0,0,0,0,1,2019,5,42.7,8.8,0,0.16,0,-0.76236342821454
"2333",1,0,0,0,0,0,0,0,0,0,0,0,0,0,0,0,1,0,0,2019,6,33,10,0,0.06,0,-0.00712430262886552
"2334",1,0,0,0,0,0,0,0,0,0,0,0,1,0,0,0,0,0,0,2019,7,26.7,10,0,0,0,0.725228788848152
"2335",1,0,0,0,0,0,0,0,0,0,0,0,0,0,1,0,0,0,0,2019,2,25.6,10,0,0,0,-0.693705325888569
"2336",1,0,0,0,0,0,0,0,0,0,0,0,0,0,0,1,0,0,0,2019,1,29.4,9.7,0,0,0,-2.36438581582051
"2337",1,0,0,0,0,0,0,0,0,0,0,0,0,1,0,0,0,0,0,2019,3,26.7,10,0,0,0,1.40036679505353
"2338",1,0,0,0,0,0,0,0,0,0,0,0,0,0,0,0,0,1,0,2019,4,29.3,10,0,0,0,0.427710345435613
"2339",1,0,0,0,0,0,0,0,0,0,0,0,0,0,0,0,0,0,1,2019,5,34,9.3,0,0,0,-0.0185673196831939
"2340",1,0,0,0,0,0,0,0,0,0,0,0,0,0,0,0,1,0,0,2019,6,30.1,10,0,0,0,0.0615337996971049
"2341",1,0,0,0,0,0,0,0,0,0,0,0,1,0,0,0,0,0,0,2019,7,33.4,6.2,0,0.05,0,0.175963970240389
"2342",1,0,0,0,0,0,0,0,0,0,0,0,0,0,1,0,0,0,0,2019,2,35.1,9.8,0,0,0,-1.16286902511603
"2343",1,0,0,0,0,0,0,0,0,0,0,0,0,0,0,1,0,0,0,2019,1,34,5.8,0,1,0,-1.94099418481036
"2344",1,0,0,0,0,0,0,0,0,0,0,0,0,1,0,0,0,0,0,2019,3,10.7,10,0,0.17,0,-1.92955116775604
"2345",1,0,0,0,0,0,0,0,0,0,0,0,0,0,0,0,0,1,0,2019,4,18.9,10,0,0,0,0.530697498924569
"2346",1,0,0,0,0,0,0,0,0,0,0,0,0,0,0,0,0,0,1,2019,5,35.5,10,0,0,0,-0.316085763095732
"2347",1,0,0,0,0,0,0,0,0,0,0,0,0,0,0,0,1,0,0,2019,6,52.3,6.2,0,0.09,1,0.130191902023075
"2348",1,0,0,0,0,0,0,0,0,0,0,0,1,0,0,0,0,0,0,2019,7,36,10,0,1.24,0,0.976975164043376
"2349",1,0,0,0,0,0,0,0,0,0,0,0,0,0,1,0,0,0,0,2019,2,29.1,10,0,0,0,-0.5449461041823
"2350",1,0,0,0,0,0,0,0,0,0,0,0,0,0,0,1,0,0,0,2019,1,39.6,10,0,0,0,-1.5519316049632
"2351",1,0,0,0,0,0,0,0,0,0,0,0,0,1,0,0,0,0,0,2019,3,31.4,10,0,0,0,-0.178769558443791
"2352",1,0,0,0,0,0,0,0,0,0,0,0,0,0,0,0,0,1,0,2019,4,32.7,9.3,0,0,0,1.1486204198583
"2353",1,0,0,0,0,0,0,0,0,0,0,0,0,0,0,0,0,0,1,2019,5,28.6,8.9,0,0.23,1,0.565026550087554
"2354",1,0,0,0,0,0,0,0,0,0,0,0,0,0,0,0,1,0,0,2019,6,8.4,10,0,0.01,0,0.233179055512031
"2355",0,1,0,0,0,0,0,0,0,0,0,0,1,0,0,0,0,0,0,2019,7,14.9,10,0,0,0,0.805329908228451
"2356",0,1,0,0,0,0,0,0,0,0,0,0,0,0,1,0,0,0,0,2019,2,23.3,10,0,0,0,-0.0414533537918507
"2357",0,1,0,0,0,0,0,0,0,0,0,0,0,0,0,1,0,0,0,2019,1,39,8,0,0,0,-1.03699583751842
"2358",0,1,0,0,0,0,0,0,0,0,0,0,0,1,0,0,0,0,0,2019,3,48.3,9.4,0,0,0,0.805329908228451
"2359",0,1,0,0,0,0,0,0,0,0,0,0,0,0,0,0,0,1,0,2019,4,53.4,9.6,0,0,0,-0.121554473172149
"2360",0,1,0,0,0,0,0,0,0,0,0,0,0,0,0,0,0,0,1,2019,5,43.1,9.9,0,0,0,0.393381294272628
"2361",0,1,0,0,0,0,0,0,0,0,0,0,0,0,0,0,1,0,0,2019,6,41.4,7.3,0,0.51,0,0.0844198338057616
"2362",0,1,0,0,0,0,0,0,0,0,0,0,1,0,0,0,0,0,0,2019,7,45,7.3,0,0.31,0,0.919760078771734
"2363",0,1,0,0,0,0,0,0,0,0,0,0,0,0,1,0,0,0,0,2019,2,29.5,10,0,0.07,0,-0.464844984802001
"2364",0,1,0,0,0,0,0,0,0,0,0,0,0,0,0,1,0,0,0,2019,1,28.3,10,0,0,0,-1.5519316049632
"2365",0,1,0,0,0,0,0,0,0,0,0,0,0,1,0,0,0,0,0,2019,3,33.9,10,0,0,0,-0.144440507280806
"2366",0,1,0,0,0,0,0,0,0,0,0,0,0,0,0,0,0,1,0,2019,4,30.8,6.6,0,0,1,1.21727852218427
"2367",0,1,0,0,0,0,0,0,0,0,0,0,0,0,0,0,0,0,1,2019,5,36.5,7.3,0,0.83,0,0.66801370357651
"2368",0,1,0,0,0,0,0,0,0,0,0,0,0,0,0,0,1,0,0,2019,6,37.3,10,0,0.08,0,0.95408912993472
"2369",0,1,0,0,0,0,0,0,0,0,0,0,1,0,0,0,0,0,0,2019,7,48.4,10,0,0,0,0.404824311326957
"2370",0,1,0,0,0,0,0,0,0,0,0,0,0,0,1,0,0,0,0,2019,2,42.3,10,0,0,0,-0.522060070073643
"2371",0,1,0,0,0,0,0,0,0,0,0,0,0,0,0,1,0,0,0,2019,1,32.2,10,0,0,0,-1.62058970728917
"2372",0,1,0,0,0,0,0,0,0,0,0,0,0,1,0,0,0,0,0,2019,3,35.6,6.2,0,0.12,0,-1.99820927008201
"2373",0,1,0,0,0,0,0,0,0,0,0,0,0,0,0,0,0,1,0,2019,4,28.2,10,0,0.01,0,-0.61360420650827
"2374",0,1,0,0,0,0,0,0,0,0,0,0,0,0,0,0,0,0,1,2019,5,28.7,7.1,0,0,1,0.393381294272628
"2375",0,1,0,0,0,0,0,0,0,0,0,0,0,0,0,0,1,0,0,2019,6,37.9,5.8,0,0.67,0,0.187406987294717
"2376",0,1,0,0,0,0,0,0,0,0,0,0,1,0,0,0,0,0,0,2019,7,42.3,10,0,0.1,0,-0.396186882476031
"2377",0,1,0,0,0,0,0,0,0,0,0,0,0,0,1,0,0,0,0,2019,2,37.3,10,0,0,0,-1.62058970728917
"2378",0,1,0,0,0,0,0,0,0,0,0,0,0,0,0,1,0,0,0,2019,1,40.9,5.4,0,0.38,0,-2.05542435535365
"2379",0,1,0,0,0,0,0,0,0,0,0,0,0,1,0,0,0,0,0,2019,3,40.8,10,0,0.21,0,1.36603774389054
"2380",0,1,0,0,0,0,0,0,0,0,0,0,0,0,0,0,0,1,0,2019,4,30.1,10,0,0,0,1.02274723226069
"2381",0,1,0,0,0,0,0,0,0,0,0,0,0,0,0,0,0,0,1,2019,5,26.3,10,0,0,0,-0.590718172399614
"2382",0,1,0,0,0,0,0,0,0,0,0,0,0,0,0,0,1,0,0,2019,6,31,9.1,0,0.03,0,1.35459472683621
"2383",0,0,1,0,0,0,0,0,0,0,0,0,1,0,0,0,0,0,0,2019,7,30.2,7.9,0,0.1,1,1.49191093148815
"2384",0,0,1,0,0,0,0,0,0,0,0,0,0,0,1,0,0,0,0,2019,2,34.7,6.5,0,0.5,1,0.702342754739495
"2385",0,0,1,0,0,0,0,0,0,0,0,0,0,0,0,1,0,0,0,2019,1,38.4,8.7,0,0.04,0,-0.888236615812152
"2386",0,0,1,0,0,0,0,0,0,0,0,0,0,1,0,0,0,0,0,2019,3,34.6,5.9,0,0.81,1,-0.888236615812152
"2387",0,0,1,0,0,0,0,0,0,0,0,0,0,0,0,0,0,1,0,2019,4,27.2,10,0,0.29,0,0.66801370357651
"2388",0,0,1,0,0,0,0,0,0,0,0,0,0,0,0,0,0,0,1,2019,5,23.3,9.8,0,0,0,0.09586285086009
"2389",0,0,1,0,0,0,0,0,0,0,0,0,0,0,0,0,1,0,0,2019,6,24.1,10,0,0,0,-0.281756711932747
"2390",0,0,1,0,0,0,0,0,0,0,0,0,1,0,0,0,0,0,0,2019,7,30.5,10,0,0,0,0.816772925282779
"2391",0,0,1,0,0,0,0,0,0,0,0,0,0,0,1,0,0,0,0,2019,2,39.4,9.5,0,0,0,-0.659376274725584
"2392",0,0,1,0,0,0,0,0,0,0,0,0,0,0,0,1,0,0,0,2019,1,38.5,5.3,0,0.25,0,-1.35740031503962
"2393",0,0,1,0,0,0,0,0,0,0,0,0,0,1,0,0,0,0,0,2019,3,45.7,8.3,0,0.29,0,0.73667180590248
"2394",0,0,1,0,0,0,0,0,0,0,0,0,0,0,0,0,0,1,0,2019,4,40.1,10,8.1,0,0,0.0615337996971049
"2395",0,0,1,0,0,0,0,0,0,0,0,0,0,0,0,0,0,0,1,2019,5,38.6,9.8,3.5,0,0,-0.213098609606777
"2396",0,0,1,0,0,0,0,0,0,0,0,0,0,0,0,0,1,0,0,2019,6,47.3,10,2.3,0,0,0.347609226055315
"2397",0,0,1,0,0,0,0,0,0,0,0,0,1,0,0,0,0,0,0,2019,7,58.2,9.8,1.3,0.01,0,1.05707628342368
"2398",0,0,1,0,0,0,0,0,0,0,0,0,0,0,1,0,0,0,0,2019,2,51.2,9.7,8.7,0.38,0,-0.350414814258717
"2399",0,0,1,0,0,0,0,0,0,0,0,0,0,0,0,1,0,0,0,2019,1,39.1,10,5.7,0,0,-1.84945004837574
"2400",0,0,1,0,0,0,0,0,0,0,0,0,0,1,0,0,0,0,0,2019,3,38.3,10,3,0,0,-0.0643393879005075
"2401",0,0,1,0,0,0,0,0,0,0,0,0,0,0,0,0,0,1,0,2019,4,41.6,10,2.5,0,0,-0.178769558443791
"2402",0,0,1,0,0,0,0,0,0,0,0,0,0,0,0,0,0,0,1,2019,5,44.3,9.9,2.1,0,0,0.0386477655884481
"2403",0,0,1,0,0,0,0,0,0,0,0,0,0,0,0,0,1,0,0,2019,6,43.9,7.3,4.7,0.02,0,0.496368447761584
"2404",0,0,1,0,0,0,0,0,0,0,0,0,1,0,0,0,0,0,0,2019,7,43.7,6.7,8.9,1.38,0,1.57201205086845
"2405",0,0,1,0,0,0,0,0,0,0,0,0,0,0,1,0,0,0,0,2019,2,40.6,10,10,0.03,0,-0.579275155345285
"2406",0,0,1,0,0,0,0,0,0,0,0,0,0,0,0,1,0,0,0,2019,1,47.3,10,4.5,0,0,-1.3116282468223
"2407",0,0,1,0,0,0,0,0,0,0,0,0,0,1,0,0,0,0,0,2019,3,52.5,10,3.4,0,0,-0.625047223562599
"2408",0,0,1,0,0,0,0,0,0,0,0,0,0,0,0,0,0,1,0,2019,4,42.1,10,6.6,0,0,0.336166209000986
"2409",0,0,1,0,0,0,0,0,0,0,0,0,0,0,0,0,0,0,1,2019,5,39.7,10,4.8,0,0,-0.213098609606777
"2410",0,0,1,0,0,0,0,0,0,0,0,0,0,0,0,0,1,0,0,2019,6,42.4,10,1.3,0,0,0.725228788848152
"2411",0,0,1,0,0,0,0,0,0,0,0,0,1,0,0,0,0,0,0,2019,7,52.8,10,1.6,0,0,-0.201655592552448
"2412",0,0,1,0,0,0,0,0,0,0,0,0,0,0,1,0,0,0,0,2019,2,58.8,10,2.6,0,0,-0.739477394105883
"2413",0,0,1,0,0,0,0,0,0,0,0,0,0,0,0,1,0,0,0,2019,1,54.7,9.3,4.4,0,0,-1.49471651969156
"2414",0,0,0,1,0,0,0,0,0,0,0,0,0,1,0,0,0,0,0,2019,3,40,10,7.4,0.06,0,0.244622072566359
"2415",0,0,0,1,0,0,0,0,0,0,0,0,0,0,0,0,0,1,0,2019,4,43.7,10,2.5,0,0,-0.316085763095732
"2416",0,0,0,1,0,0,0,0,0,0,0,0,0,0,0,0,0,0,1,2019,5,51.6,10,6.3,0,0,0.370495260163971
"2417",0,0,0,1,0,0,0,0,0,0,0,0,0,0,0,0,1,0,0,2019,6,52.3,10,6.2,0,0,0.908317061717406
"2418",0,0,0,1,0,0,0,0,0,0,0,0,1,0,0,0,0,0,0,2019,7,42,9.5,5.5,0,0,1.37748076094487
"2419",0,0,0,1,0,0,0,0,0,0,0,0,0,0,1,0,0,0,0,2019,2,49,7,3.6,0.2,0,0.0729768167514332
"2420",0,0,0,1,0,0,0,0,0,0,0,0,0,0,0,1,0,0,0,2019,1,58.2,10,1.7,0,0,-1.07132488868141
"2421",0,0,0,1,0,0,0,0,0,0,0,0,0,1,0,0,0,0,0,2019,3,63.6,8.3,2,0.26,0,0.153077936131732
"2422",0,0,0,1,0,0,0,0,0,0,0,0,0,0,0,0,0,1,0,2019,4,49,6.2,3.7,0.03,0,-0.499174035964986
"2423",0,0,0,1,0,0,0,0,0,0,0,0,0,0,0,0,0,0,1,2019,5,51.8,9,5.3,0,0,0.599355601250539
"2424",0,0,0,1,0,0,0,0,0,0,0,0,0,0,0,0,1,0,0,2019,6,46,10,3.6,0,0,-0.499174035964986
"2425",0,0,0,1,0,0,0,0,0,0,0,0,1,0,0,0,0,0,0,2019,7,52.9,9.5,3.3,0,0,1.2287215392386
"2426",0,0,0,1,0,0,0,0,0,0,0,0,0,0,1,0,0,0,0,2019,2,65.4,8.3,2.5,0.87,1,0.210293021403374
"2427",0,0,0,1,0,0,0,0,0,0,0,0,0,0,0,1,0,0,0,2019,1,67.4,9.1,2.1,0.24,0,-1.41461540031126
"2428",0,0,0,1,0,0,0,0,0,0,0,0,0,1,0,0,0,0,0,2019,3,57.6,9,5.9,0.74,1,0.873988010554421
"2429",0,0,0,1,0,0,0,0,0,0,0,0,0,0,0,0,0,1,0,2019,4,52.4,10,8.5,0.23,0,0.656570686522181
"2430",0,0,0,1,0,0,0,0,0,0,0,0,0,0,0,0,0,0,1,2019,5,54.6,10,4,0.01,0,0.462039396598599
"2431",0,0,0,1,0,0,0,0,0,0,0,0,0,0,0,0,1,0,0,2019,6,55,9.9,3,0,0,-0.464844984802001
"2432",0,0,0,1,0,0,0,0,0,0,0,0,1,0,0,0,0,0,0,2019,7,66,10,3.3,0,0,-0.338971797204389
"2433",0,0,0,1,0,0,0,0,0,0,0,0,0,0,0,1,0,0,0,2019,1,57.4,10,2.6,0.28,0,-2.08975340651663
"2434",0,0,0,1,0,0,0,0,0,0,0,0,0,1,0,0,0,0,0,2019,3,57.1,8.7,4.1,0,0,-0.670819291779912
"2435",0,0,0,1,0,0,0,0,0,0,0,0,0,0,0,0,0,1,0,2019,4,63.3,10,1.9,0.24,0,0.130191902023075
"2436",0,0,0,1,0,0,0,0,0,0,0,0,0,0,0,0,0,0,1,2019,5,65,9.8,4.8,0.08,0,-0.750920411160211
"2437",0,0,0,1,0,0,0,0,0,0,0,0,0,0,0,0,1,0,0,2019,6,56.3,9.9,3.2,0,0,-0.716591359997226
"2438",0,0,0,1,0,0,0,0,0,0,0,0,1,0,0,0,0,0,0,2019,7,53.5,6.6,3.3,0.32,1,-0.922565666975137
"2439",0,0,0,1,0,0,0,0,0,0,0,0,0,0,1,0,0,0,0,2019,2,54.3,8.8,6.9,1.03,0,-0.625047223562599
"2440",0,0,0,1,0,0,0,0,0,0,0,0,0,0,0,1,0,0,0,2019,1,49.6,10,3,0.07,0,-2.12408245767962
"2441",0,0,0,1,0,0,0,0,0,0,0,0,0,1,0,0,0,0,0,2019,3,49.5,10,2.7,0.01,0,-0.178769558443791
"2442",0,0,0,1,0,0,0,0,0,0,0,0,0,0,0,0,0,1,0,2019,4,52.4,6.9,1.6,0.05,0,0.0729768167514332
"2443",0,0,0,0,1,0,0,0,0,0,0,0,0,0,0,0,0,0,1,2019,5,53.7,9.7,2.9,0.04,0,0.210293021403374
"2444",0,0,0,0,1,0,0,0,0,0,0,0,0,0,0,0,1,0,0,2019,6,58,4.5,2,0,0,0.999861198152033
"2445",0,0,0,0,1,0,0,0,0,0,0,0,1,0,0,0,0,0,0,2019,7,52.9,7,2.9,0.01,0,0.805329908228451
"2446",0,0,0,0,1,0,0,0,0,0,0,0,0,0,1,0,0,0,0,2019,2,58.5,3.9,0.9,0.16,0,-0.316085763095732
"2447",0,0,0,0,1,0,0,0,0,0,0,0,0,0,0,1,0,0,0,2019,1,55.2,5.2,4.7,0.64,0,-0.590718172399614
"2448",0,0,0,0,1,0,0,0,0,0,0,0,0,1,0,0,0,0,0,2019,3,57.7,9.4,4.2,0.68,0,0.565026550087554
"2449",0,0,0,0,1,0,0,0,0,0,0,0,0,0,0,0,0,1,0,2019,4,60.1,10,1.3,0,0,0.759557840011137
"2450",0,0,0,0,1,0,0,0,0,0,0,0,0,0,0,0,0,0,1,2019,5,61,8.6,3.4,0.11,0,0.782443874119794
"2451",0,0,0,0,1,0,0,0,0,0,0,0,0,0,0,0,1,0,0,2019,6,55.9,10,3.9,0,0,0.141634919077404
"2452",0,0,0,0,1,0,0,0,0,0,0,0,1,0,0,0,0,0,0,2019,7,61.8,9.1,1.8,0,0,0.908317061717406
"2453",0,0,0,0,1,0,0,0,0,0,0,0,0,0,1,0,0,0,0,2019,2,64.1,10,2.8,0.08,0,0.645127669467853
"2454",0,0,0,0,1,0,0,0,0,0,0,0,0,0,0,1,0,0,0,2019,1,50.2,5.3,5.9,0.45,0,0.09586285086009
"2455",0,0,0,0,1,0,0,0,0,0,0,0,0,1,0,0,0,0,0,2019,3,45.1,6.2,5.3,0.88,0,0.370495260163971
"2456",0,0,0,0,1,0,0,0,0,0,0,0,0,0,0,0,0,1,0,2019,4,46.7,7.9,3.1,0.69,0,0.462039396598599
"2457",0,0,0,0,1,0,0,0,0,0,0,0,0,0,0,0,0,0,1,2019,5,53.5,9.2,3.1,0.31,0,1.26305059040159
"2458",0,0,0,0,1,0,0,0,0,0,0,0,0,0,0,0,1,0,0,2019,6,62.8,9.7,3,0.12,0,0.702342754739495
"2459",0,0,0,0,1,0,0,0,0,0,0,0,1,0,0,0,0,0,0,2019,7,67.8,10,3.7,0.01,0,1.66355618730308
"2460",0,0,0,0,1,0,0,0,0,0,0,0,0,0,1,0,0,0,0,2019,2,65.4,9.9,2.7,0.03,0,0.782443874119794
"2461",0,0,0,0,1,0,0,0,0,0,0,0,0,0,0,1,0,0,0,2019,1,66.9,10,2.2,0,0,-0.384743865421703
"2462",0,0,0,0,1,0,0,0,0,0,0,0,0,1,0,0,0,0,0,2019,3,74.9,8.9,4,0.06,0,1.24016455629293
"2463",0,0,0,0,1,0,0,0,0,0,0,0,0,0,0,0,0,1,0,2019,4,66.1,10,5.9,0,0,1.88097351133532
"2464",0,0,0,0,1,0,0,0,0,0,0,0,0,0,0,0,0,0,1,2019,5,64.4,10,3.5,0,0,1.28593662451024
"2465",0,0,0,0,1,0,0,0,0,0,0,0,0,0,0,0,1,0,0,2019,6,64.2,8.7,3.3,0.27,1,1.61778411908577
"2466",0,0,0,0,1,0,0,0,0,0,0,0,1,0,0,0,0,0,0,2019,7,68.8,9.7,6.8,0.21,0,1.68644222141174
"2467",0,0,0,0,1,0,0,0,0,0,0,0,0,0,1,0,0,0,0,2019,2,63,10,3.5,0,0,-0.693705325888569
"2468",0,0,0,0,1,0,0,0,0,0,0,0,0,0,0,1,0,0,0,2019,1,70.3,9.4,4.1,0,0,-0.808135496431853
"2469",0,0,0,0,1,0,0,0,0,0,0,0,0,1,0,0,0,0,0,2019,3,72.3,9.9,3.6,0.2,0,-1.58626065612618
"2470",0,0,0,0,1,0,0,0,0,0,0,0,0,0,0,0,0,1,0,2019,4,67.2,9.4,3.4,0,0,0.839658959391436
"2471",0,0,0,0,1,0,0,0,0,0,0,0,0,0,0,0,0,0,1,2019,5,65.6,7.9,3.8,0.18,1,0.233179055512031
"2472",0,0,0,0,1,0,0,0,0,0,0,0,0,0,0,0,1,0,0,2019,6,60,4.2,3.3,0.79,1,0.507811464815912
"2473",0,0,0,0,1,0,0,0,0,0,0,0,1,0,0,0,0,0,0,2019,7,69.1,6.6,1.5,0.95,0,2.10983385242189
"2474",0,0,0,0,0,1,0,0,0,0,0,0,0,0,1,0,0,0,0,2019,2,71.1,10,2.6,0,0,-0.270313694878419
"2475",0,0,0,0,0,1,0,0,0,0,0,0,0,0,0,1,0,0,0,2019,1,71.2,7.7,2.2,0,0,-0.750920411160211
"2476",0,0,0,0,0,1,0,0,0,0,0,0,0,1,0,0,0,0,0,2019,3,64.4,9.7,5.2,0.86,1,0.896874044663078
"2477",0,0,0,0,0,1,0,0,0,0,0,0,0,0,0,0,0,1,0,2019,4,62.4,10,2.7,0,0,0.393381294272628
"2478",0,0,0,0,0,1,0,0,0,0,0,0,0,0,0,0,0,0,1,2019,5,70.7,9.9,3.6,0,0,0.851101976445764
"2479",0,0,0,0,0,1,0,0,0,0,0,0,0,0,0,0,1,0,0,2019,6,75.5,8.2,4.8,0.04,0,1.86953049428099
"2480",0,0,0,0,0,1,0,0,0,0,0,0,1,0,0,0,0,0,0,2019,7,72.8,10,2.1,0,0,1.75510032373771
"2481",0,0,0,0,0,1,0,0,0,0,0,0,0,0,1,0,0,0,0,2019,2,71.6,9.5,4.6,0,0,-0.00712430262886552
"2482",0,0,0,0,0,1,0,0,0,0,0,0,0,0,0,1,0,0,0,2019,1,68.3,10,5.2,0,0,-0.625047223562599
"2483",0,0,0,0,0,1,0,0,0,0,0,0,0,1,0,0,0,0,0,2019,3,63.4,6.4,6.4,0,1,0.370495260163971
"2484",0,0,0,0,0,1,0,0,0,0,0,0,0,0,0,0,0,1,0,2019,4,69.9,6.3,5.1,1.07,1,1.16006343691263
"2485",0,0,0,0,0,1,0,0,0,0,0,0,0,0,0,0,0,0,1,2019,5,67.1,10,3.7,0.45,0,1.20583550512994
"2486",0,0,0,0,0,1,0,0,0,0,0,0,0,0,0,0,1,0,0,2019,6,62.4,8.7,5.6,0,0,0.610798618304868
"2487",0,0,0,0,0,1,0,0,0,0,0,0,1,0,0,0,0,0,0,2019,7,63.8,8.1,5.1,0.6,0,1.92674557955263
"2488",0,0,0,0,0,1,0,0,0,0,0,0,0,0,1,0,0,0,0,2019,2,70.7,10,3.6,0,0,0.45059637954427
"2489",0,0,0,0,0,1,0,0,0,0,0,0,0,0,0,1,0,0,0,2019,1,72.8,10,4.5,0.04,0,-0.819578513486182
"2490",0,0,0,0,0,1,0,0,0,0,0,0,0,1,0,0,0,0,0,2019,3,72.9,9.8,2.4,0,0,-0.327528780150061
"2491",0,0,0,0,0,1,0,0,0,0,0,0,0,0,0,0,0,1,0,2019,4,70.8,4.7,0.7,0.11,1,1.60634110203144
"2492",0,0,0,0,0,1,0,0,0,0,0,0,0,0,0,0,0,0,1,2019,5,68,3.7,2.6,0.68,1,0.118748884968747
"2493",0,0,0,0,0,1,0,0,0,0,0,0,0,0,0,0,1,0,0,2019,6,69.2,2.7,2.6,0.16,1,1.33170869272756
"2494",0,0,0,0,0,1,0,0,0,0,0,0,1,0,0,0,0,0,0,2019,7,70.9,7.9,4.6,0.63,0,2.17849195474786
"2495",0,0,0,0,0,1,0,0,0,0,0,0,0,0,1,0,0,0,0,2019,2,71.3,10,5.1,0.27,0,0.622241635359196
"2496",0,0,0,0,0,1,0,0,0,0,0,0,0,0,0,1,0,0,0,2019,1,73.7,10,3.6,0,0,-0.247427660769762
"2497",0,0,0,0,0,1,0,0,0,0,0,0,0,1,0,0,0,0,0,2019,3,76.1,10,2.2,0,0,1.72077127257472
"2498",0,0,0,0,0,1,0,0,0,0,0,0,0,0,0,0,0,1,0,2019,4,76.1,7.7,1.6,0.86,1,0.931203095826063
"2499",0,0,0,0,0,1,0,0,0,0,0,0,0,0,0,0,0,0,1,2019,5,78.6,9.3,2.5,0,0,2.54466850048637
"2500",0,0,0,0,0,1,0,0,0,0,0,0,0,0,0,0,1,0,0,2019,6,81.3,10,2.7,0,0,1.75510032373771
"2501",0,0,0,0,0,1,0,0,0,0,0,0,1,0,0,0,0,0,0,2019,7,81.2,10,1.3,0,0,1.97251764776995
"2502",0,0,0,0,0,1,0,0,0,0,0,0,0,0,1,0,0,0,0,2019,2,80.4,9.6,3.5,0,0,0.908317061717406
"2503",0,0,0,0,0,1,0,0,0,0,0,0,0,0,0,1,0,0,0,2019,1,76,10,5.4,0.08,0,-0.132997490226478
"2504",0,0,0,0,0,0,1,0,0,0,0,0,0,1,0,0,0,0,0,2019,3,74.3,10,4,0.06,0,1.28593662451024
"2505",0,0,0,0,0,0,1,0,0,0,0,0,0,0,0,0,0,1,0,2019,4,78.4,10,2.5,0,0,0.118748884968747
"2506",0,0,0,0,0,0,1,0,0,0,0,0,0,0,0,0,0,0,1,2019,5,79.6,10,1.7,0.02,0,0.839658959391436
"2507",0,0,0,0,0,0,1,0,0,0,0,0,0,0,0,0,1,0,0,2019,6,81,8.7,2.3,0,0,-2.13552547473395
"2508",0,0,0,0,0,0,1,0,0,0,0,0,1,0,0,0,0,0,0,2019,7,77.5,8.5,2.3,0,0,-0.441958950693345
"2509",0,0,0,0,0,0,1,0,0,0,0,0,0,0,1,0,0,0,0,2019,2,80.7,9.4,2.8,0,0,-1.25441316155066
"2510",0,0,0,0,0,0,1,0,0,0,0,0,0,0,0,1,0,0,0,2019,1,78.5,10,3.9,0,0,-1.59770367318051
"2511",0,0,0,0,0,0,1,0,0,0,0,0,0,1,0,0,0,0,0,2019,3,72.6,9.8,2.2,0.01,0,0.130191902023075
"2512",0,0,0,0,0,0,1,0,0,0,0,0,0,0,0,0,0,1,0,2019,4,77.7,9.7,2.8,0.03,0,0.919760078771734
"2513",0,0,0,0,0,0,1,0,0,0,0,0,0,0,0,0,0,0,1,2019,5,80.7,10,1.6,0,0,-0.316085763095732
"2514",0,0,0,0,0,0,1,0,0,0,0,0,0,0,0,0,1,0,0,2019,6,78.5,8.7,3.4,0,0,0.885431027608749
"2515",0,0,0,0,0,0,1,0,0,0,0,0,1,0,0,0,0,0,0,2019,7,77,8.2,3.8,0.79,0,1.90385954544398
"2516",0,0,0,0,0,0,1,0,0,0,0,0,0,0,1,0,0,0,0,2019,2,77.7,10,3.5,0,0,-0.25887067782409
"2517",0,0,0,0,0,0,1,0,0,0,0,0,0,0,0,1,0,0,0,2019,1,82,10,3.8,0,0,-0.956894718138122
"2518",0,0,0,0,0,0,1,0,0,0,0,0,0,1,0,0,0,0,0,2019,3,78.2,10,3.1,0,0,0.645127669467853
"2519",0,0,0,0,0,0,1,0,0,0,0,0,0,0,0,0,0,1,0,2019,4,81.5,10,2.2,0,0,0.885431027608749
"2520",0,0,0,0,0,0,1,0,0,0,0,0,0,0,0,0,0,0,1,2019,5,85.3,9.6,3.4,0,0,0.565026550087554
"2521",0,0,0,0,0,0,1,0,0,0,0,0,0,0,0,0,1,0,0,2019,6,75.1,5.6,2.9,1.84,1,0.45059637954427
"2522",0,0,0,0,0,0,1,0,0,0,0,0,1,0,0,0,0,0,0,2019,7,78.8,9.5,3.8,0.49,0,0.976975164043376
"2523",0,0,0,0,0,0,1,0,0,0,0,0,0,0,1,0,0,0,0,2019,2,88.2,9.8,4.1,0,0,0.0615337996971049
"2524",0,0,0,0,0,0,1,0,0,0,0,0,0,0,0,1,0,0,0,2019,1,88.7,10,3.7,0,0,-1.18575505922469
"2525",0,0,0,0,0,0,1,0,0,0,0,0,0,1,0,0,0,0,0,2019,3,81.7,8.9,3.2,0,1,0.690899737685167
"2526",0,0,0,0,0,0,1,0,0,0,0,0,0,0,0,0,0,1,0,2019,4,71.3,8.5,3.8,2.19,0,-0.316085763095732
"2527",0,0,0,0,0,0,1,0,0,0,0,0,0,0,0,0,0,0,1,2019,5,73.5,9.8,2.6,0.02,0,0.519254481870241
"2528",0,0,0,0,0,0,1,0,0,0,0,0,0,0,0,0,1,0,0,2019,6,76.4,10,1.6,0,0,0.278951123729344
"2529",0,0,0,0,0,0,1,0,0,0,0,0,1,0,0,0,0,0,0,2019,7,77.6,10,1.4,0,0,0.793886891174122
"2530",0,0,0,0,0,0,1,0,0,0,0,0,0,0,1,0,0,0,0,2019,2,78.2,10,2,0,0,0.244622072566359
"2531",0,0,0,0,0,0,1,0,0,0,0,0,0,0,0,1,0,0,0,2019,1,79.9,10,5,0,0,-0.61360420650827
"2532",0,0,0,0,0,0,1,0,0,0,0,0,0,1,0,0,0,0,0,2019,3,81.2,10,3.3,0.01,0,0.782443874119794
"2533",0,0,0,0,0,0,1,0,0,0,0,0,0,0,0,0,0,1,0,2019,4,84.2,9.5,3.3,0,0,0.656570686522181
"2534",0,0,0,0,0,0,1,0,0,0,0,0,0,0,0,0,0,0,1,2019,5,78.9,8.2,2.9,0.01,1,0.267508106675016
"2535",0,0,0,0,0,0,0,1,0,0,0,0,0,0,0,0,1,0,0,2019,6,76.9,8.3,1.9,0.36,0,0.427710345435613
"2536",0,0,0,0,0,0,0,1,0,0,0,0,1,0,0,0,0,0,0,2019,7,78.2,10,2.7,0,0,0.336166209000986
"2537",0,0,0,0,0,0,0,1,0,0,0,0,0,0,1,0,0,0,0,2019,2,77.7,10,2.8,0,0,-0.167326541389463
"2538",0,0,0,0,0,0,0,1,0,0,0,0,0,0,0,1,0,0,0,2019,1,76.7,8.6,2.7,0.21,0,-0.934008684029465
"2539",0,0,0,0,0,0,0,1,0,0,0,0,0,1,0,0,0,0,0,2019,3,76.3,10,3.8,0,0,0.404824311326957
"2540",0,0,0,0,0,0,0,1,0,0,0,0,0,0,0,0,0,1,0,2019,4,74.6,8.8,2.8,0,0,-0.338971797204389
"2541",0,0,0,0,0,0,0,1,0,0,0,0,0,0,0,0,0,0,1,2019,5,75.7,7.9,2.3,0.04,1,0.31328017489233
"2542",0,0,0,0,0,0,0,1,0,0,0,0,0,0,0,0,1,0,0,2019,6,74.1,6.7,3.8,1.18,0,0.748114822956809
"2543",0,0,0,0,0,0,0,1,0,0,0,0,1,0,0,0,0,0,0,2019,7,72.8,9.5,3.5,0.2,1,0.73667180590248
"2544",0,0,0,0,0,0,0,1,0,0,0,0,0,0,1,0,0,0,0,2019,2,73.7,10,4.3,0.08,0,-0.0986684390634927
"2545",0,0,0,0,0,0,0,1,0,0,0,0,0,0,0,1,0,0,0,2019,1,72.3,10,2.7,0,0,-1.10565393984439
"2546",0,0,0,0,0,0,0,1,0,0,0,0,0,1,0,0,0,0,0,2019,3,76,10,2.7,0,0,0.0615337996971049
"2547",0,0,0,0,0,0,0,1,0,0,0,0,0,0,0,0,0,1,0,2019,4,75.8,9.4,3.6,0.04,0,-1.27729919565932
"2548",0,0,0,0,0,0,0,1,0,0,0,0,0,0,0,0,0,0,1,2019,5,76.6,8.4,2.8,0.03,0,-0.499174035964986
"2549",0,0,0,0,0,0,0,1,0,0,0,0,0,0,0,0,1,0,0,2019,6,75.6,9.3,3.5,0,0,-0.235984643715433
"2550",0,0,0,0,0,0,0,1,0,0,0,0,1,0,0,0,0,0,0,2019,7,73.5,10,2.5,0,0,-0.659376274725584
"2551",0,0,0,0,0,0,0,1,0,0,0,0,0,0,1,0,0,0,0,2019,2,77.4,9.7,2.9,0,0,-0.5449461041823
"2552",0,0,0,0,0,0,0,1,0,0,0,0,0,0,0,1,0,0,0,2019,1,79.3,8,1.8,0,0,-1.13998299100738
"2553",0,0,0,0,0,0,0,1,0,0,0,0,0,1,0,0,0,0,0,2019,3,78.5,10,2.1,0.64,0,-0.201655592552448
"2554",0,0,0,0,0,0,0,1,0,0,0,0,0,0,0,0,0,1,0,2019,4,80.4,10,2.7,0,0,-0.0757824049548359
"2555",0,0,0,0,0,0,0,1,0,0,0,0,0,0,0,0,0,0,1,2019,5,79.6,8.8,1.5,0,0,-0.670819291779912
"2556",0,0,0,0,0,0,0,1,0,0,0,0,0,0,0,0,1,0,0,2019,6,80.7,10,3.9,0.1,0,0.0729768167514332
"2557",0,0,0,0,0,0,0,1,0,0,0,0,1,0,0,0,0,0,0,2019,7,70.2,7.7,3.2,1.02,1,-0.132997490226478
"2558",0,0,0,0,0,0,0,1,0,0,0,0,0,0,1,0,0,0,0,2019,2,69.7,10,4.8,0.08,0,-0.76236342821454
"2559",0,0,0,0,0,0,0,1,0,0,0,0,0,0,0,1,0,0,0,2019,1,69.2,10,6.3,0,0,-1.12853997395305
"2560",0,0,0,0,0,0,0,1,0,0,0,0,0,1,0,0,0,0,0,2019,3,66.5,10,6.7,0,0,-0.991223769301107
"2561",0,0,0,0,0,0,0,1,0,0,0,0,0,0,0,0,0,1,0,2019,4,67.7,10,2.8,0,0,-0.590718172399614
"2562",0,0,0,0,0,0,0,1,0,0,0,0,0,0,0,0,0,0,1,2019,5,69.7,9.5,2.5,0,0,-0.316085763095732
"2563",0,0,0,0,0,0,0,1,0,0,0,0,0,0,0,0,1,0,0,2019,6,73.1,10,3.8,0.08,0,0.130191902023075
"2564",0,0,0,0,0,0,0,1,0,0,0,0,1,0,0,0,0,0,0,2019,7,75.5,10,3.7,0,0,0.565026550087554
"2565",0,0,0,0,0,0,0,1,0,0,0,0,0,0,1,0,0,0,0,2019,2,75.8,10,3.7,0,0,-0.89967963286648
"2566",0,0,0,0,0,0,0,0,1,0,0,0,0,0,0,1,0,0,0,2019,1,71,10,4.9,0,0,-1.231527127442
"2567",0,0,0,0,0,0,0,0,1,0,0,0,0,1,0,0,0,0,0,2019,3,70.8,8.3,2.4,0,0,-1.75790591194111
"2568",0,0,0,0,0,0,0,0,1,0,0,0,0,0,0,0,0,1,0,2019,4,73.6,9.9,2.8,0.3,0,0.816772925282779
"2569",0,0,0,0,0,0,0,0,1,0,0,0,0,0,0,0,0,0,1,2019,5,75.3,10,3.1,0,0,0.221736038457702
"2570",0,0,0,0,0,0,0,0,1,0,0,0,0,0,0,0,1,0,0,2019,6,71,10,4.4,0,0,0.542140515978897
"2571",0,0,0,0,0,0,0,0,1,0,0,0,1,0,0,0,0,0,0,2019,7,64.8,9,6.3,0,1,0.118748884968747
"2572",0,0,0,0,0,0,0,0,1,0,0,0,0,0,1,0,0,0,0,2019,2,64.2,9.8,5.2,0.34,0,-1.04843885457275
"2573",0,0,0,0,0,0,0,0,1,0,0,0,0,0,0,1,0,0,0,2019,1,69.1,10,1.8,0.02,0,-1.35740031503962
"2574",0,0,0,0,0,0,0,0,1,0,0,0,0,1,0,0,0,0,0,2019,3,70.5,10,4.4,0,0,0.256065089620688
"2575",0,0,0,0,0,0,0,0,1,0,0,0,0,0,0,0,0,1,0,2019,4,70.4,9.5,1.6,0.01,0,0.278951123729344
"2576",0,0,0,0,0,0,0,0,1,0,0,0,0,0,0,0,0,0,1,2019,5,76.1,10,4.6,0,0,0.496368447761584
"2577",0,0,0,0,0,0,0,0,1,0,0,0,0,0,0,0,1,0,0,2019,6,76.5,8.8,4,0.01,0,1.24016455629293
"2578",0,0,0,0,0,0,0,0,1,0,0,0,1,0,0,0,0,0,0,2019,7,63.5,9.1,6.5,0.16,0,1.21727852218427
"2579",0,0,0,0,0,0,0,0,1,0,0,0,0,0,1,0,0,0,0,2019,2,67.8,10,3.1,0,0,-1.05988187162708
"2580",0,0,0,0,0,0,0,0,1,0,0,0,0,0,0,1,0,0,0,2019,1,74.5,10,2.3,0,0,0.267508106675016
"2581",0,0,0,0,0,0,0,0,1,0,0,0,0,1,0,0,0,0,0,2019,3,72.9,10,1.3,0,0,0.45059637954427
"2582",0,0,0,0,0,0,0,0,1,0,0,0,0,0,0,0,0,1,0,2019,4,69.5,10,5.2,0,0,0.622241635359196
"2583",0,0,0,0,0,0,0,0,1,0,0,0,0,0,0,0,0,0,1,2019,5,64,10,4.6,0,0,0.278951123729344
"2584",0,0,0,0,0,0,0,0,1,0,0,0,0,0,0,0,1,0,0,2019,6,60.6,10,3.4,0,0,0.278951123729344
"2585",0,0,0,0,0,0,0,0,1,0,0,0,1,0,0,0,0,0,0,2019,7,65.6,10,4,0,0,1.2287215392386
"2586",0,0,0,0,0,0,0,0,1,0,0,0,0,0,1,0,0,0,0,2019,2,71.8,10,2.3,0,0,-0.0414533537918507
"2587",0,0,0,0,0,0,0,0,1,0,0,0,0,0,0,1,0,0,0,2019,1,75.1,9.9,2.6,0,0,-0.750920411160211
"2588",0,0,0,0,0,0,0,0,1,0,0,0,0,1,0,0,0,0,0,2019,3,78.7,9.9,4.7,0,0,0.66801370357651
"2589",0,0,0,0,0,0,0,0,1,0,0,0,0,0,0,0,0,1,0,2019,4,72.2,9.4,5.9,0.11,0,0.542140515978897
"2590",0,0,0,0,0,0,0,0,1,0,0,0,0,0,0,0,0,0,1,2019,5,67.9,10,2.4,0,0,0.267508106675016
"2591",0,0,0,0,0,0,0,0,1,0,0,0,0,0,0,0,1,0,0,2019,6,70.5,9.8,3.7,0,0,0.73667180590248
"2592",0,0,0,0,0,0,0,0,1,0,0,0,1,0,0,0,0,0,0,2019,7,66.3,10,2.4,0.02,0,1.40036679505353
"2593",0,0,0,0,0,0,0,0,1,0,0,0,0,0,1,0,0,0,0,2019,2,71.3,10,3,0,0,-0.556389121236628
"2594",0,0,0,0,0,0,0,0,1,0,0,0,0,0,0,1,0,0,0,2019,1,74.4,10,4.5,0,0,-1.05988187162708
"2595",0,0,0,0,0,0,0,0,1,0,0,0,0,1,0,0,0,0,0,2019,3,65.3,10,6.1,0,0,-1.66636177550648
"2596",0,0,0,0,0,0,0,0,0,0,0,1,0,0,0,0,0,1,0,2019,4,69.9,10,3,0,0,-1.44894445147424
"2597",0,0,0,0,0,0,0,0,0,0,0,1,0,0,0,0,0,0,1,2019,5,78.7,9.8,5.2,0,0,1.2287215392386
"2598",0,0,0,0,0,0,0,0,0,0,0,1,0,0,0,0,1,0,0,2019,6,58.5,5.8,6.9,0.2,0,1.25160757334726
"2599",0,0,0,0,0,0,0,0,0,0,0,1,1,0,0,0,0,0,0,2019,7,59.2,7.6,4.9,0.17,0,1.45758188032517
"2600",0,0,0,0,0,0,0,0,0,0,0,1,0,0,1,0,0,0,0,2019,2,52,10,5.2,0,0,-0.270313694878419
"2601",0,0,0,0,0,0,0,0,0,0,0,1,0,0,0,1,0,0,0,2019,1,62.8,9.8,2,0,0,-1.66636177550648
"2602",0,0,0,0,0,0,0,0,0,0,0,1,0,1,0,0,0,0,0,2019,3,71.5,9.8,3.4,0.01,0,-0.0643393879005075
"2603",0,0,0,0,0,0,0,0,0,0,0,1,0,0,0,0,0,1,0,2019,4,60.5,8.7,5.8,0.22,0,-0.659376274725584
"2604",0,0,0,0,0,0,0,0,0,0,0,1,0,0,0,0,0,0,1,2019,5,56.6,8.8,8.8,0.02,0,-2.26139866233156
"2605",0,0,0,0,0,0,0,0,0,0,0,1,0,0,0,0,1,0,0,2019,6,59.5,10,8.1,0.54,0,0.393381294272628
"2606",0,0,0,0,0,0,0,0,0,0,0,1,1,0,0,0,0,0,0,2019,7,59.4,10,8.3,0,0,0.290394140783673
"2607",0,0,0,0,0,0,0,0,0,0,0,1,0,0,1,0,0,0,0,2019,2,59.8,10,3.9,0,0,-0.89967963286648
"2608",0,0,0,0,0,0,0,0,0,0,0,1,0,0,0,1,0,0,0,2019,1,59.5,10,2.4,0,0,-1.59770367318051
"2609",0,0,0,0,0,0,0,0,0,0,0,1,0,1,0,0,0,0,0,2019,3,63.7,10,2.5,0,0,-2.06686737240798
"2610",0,0,0,0,0,0,0,0,0,0,0,1,0,0,0,0,0,1,0,2019,4,58.4,10,2.9,0,0,-0.361857831313046
"2611",0,0,0,0,0,0,0,0,0,0,0,1,0,0,0,0,0,0,1,2019,5,59.6,8.1,3.8,0,0,0.885431027608749
"2612",0,0,0,0,0,0,0,0,0,0,0,1,0,0,0,0,1,0,0,2019,6,55,8.8,10,1.83,0,0.31328017489233
"2613",0,0,0,0,0,0,0,0,0,0,0,1,1,0,0,0,0,0,0,2019,7,53.2,10,8.7,0,0,0.610798618304868
"2614",0,0,0,0,0,0,0,0,0,0,0,1,0,0,1,0,0,0,0,2019,2,50.8,10,2.5,0,0,0.0615337996971049
"2615",0,0,0,0,0,0,0,0,0,0,0,1,0,0,0,1,0,0,0,2019,1,54.3,8,3.2,0,1,-0.922565666975137
"2616",0,0,0,0,0,0,0,0,0,0,0,1,0,1,0,0,0,0,0,2019,3,56.4,9.6,4.7,0.54,0,-0.247427660769762
"2617",0,0,0,0,0,0,0,0,0,0,0,1,0,0,0,0,0,1,0,2019,4,57.5,8.1,3.6,0,0,-0.213098609606777
"2618",0,0,0,0,0,0,0,0,0,0,0,1,0,0,0,0,0,0,1,2019,5,60.6,7.9,5.5,0.58,0,1.01130421520636
"2619",0,0,0,0,0,0,0,0,0,0,0,1,0,0,0,0,1,0,0,2019,6,57.7,10,2.5,0.01,0,0.370495260163971
"2620",0,0,0,0,0,0,0,0,0,0,0,1,1,0,0,0,0,0,0,2019,7,58.1,9.8,3.1,0,0,0.759557840011137
"2621",0,0,0,0,0,0,0,0,0,0,0,1,0,0,1,0,0,0,0,2019,2,58.7,10,3,0,0,-0.636490240616927
"2622",0,0,0,0,0,0,0,0,0,0,0,1,0,0,0,1,0,0,0,2019,1,59.5,7.6,4.7,0.05,1,-1.30018522976797
"2623",0,0,0,0,0,0,0,0,0,0,0,1,0,1,0,0,0,0,0,2019,3,58.9,10,2.9,1.34,0,0.301837157838001
"2624",0,0,0,0,0,0,0,0,0,0,0,1,0,0,0,0,0,1,0,2019,4,56.6,6,3.8,0,0,0.66801370357651
"2625",0,0,0,0,0,0,0,0,0,0,0,1,0,0,0,0,0,0,1,2019,5,60,4,2.5,0.09,0,0.16452095318606
"2626",0,0,0,0,0,0,0,0,0,0,0,1,0,0,0,0,1,0,0,2019,6,64.7,5.3,3.2,0.36,0,0.404824311326957
"2627",0,0,0,0,0,0,0,0,0,0,1,0,1,0,0,0,0,0,0,2019,7,54.9,9.9,8.7,0.33,0,2.30436514234547
"2628",0,0,0,0,0,0,0,0,0,0,1,0,0,0,1,0,0,0,0,2019,2,46,10,3.6,0.11,0,-0.853907564649167
"2629",0,0,0,0,0,0,0,0,0,0,1,0,0,0,0,1,0,0,0,2019,1,47.9,10,4.3,0,0,-1.16286902511603
"2630",0,0,0,0,0,0,0,0,0,0,1,0,0,1,0,0,0,0,0,2019,3,48.5,10,2.3,0,0,0.484925430707255
"2631",0,0,0,0,0,0,0,0,0,0,1,0,0,0,0,0,0,1,0,2019,4,56,10,2.6,0,0,-1.60914669023484
"2632",0,0,0,0,0,0,0,0,0,0,1,0,0,0,0,0,0,0,1,2019,5,51,10,4.4,0,0,0.393381294272628
"2633",0,0,0,0,0,0,0,0,0,0,1,0,0,0,0,0,1,0,0,2019,6,52,9.5,3.7,0,0,1.01130421520636
"2634",0,0,0,0,0,0,0,0,0,0,1,0,1,0,0,0,0,0,0,2019,7,37.9,9.8,6.6,0.1,0,1.09140533458666
"2635",0,0,0,0,0,0,0,0,0,0,1,0,0,0,1,0,0,0,0,2019,2,33.3,10,2.8,0,0,-0.89967963286648
"2636",0,0,0,0,0,0,0,0,0,0,1,0,0,0,0,1,0,0,0,2019,1,43.9,10,3.9,0,0,-1.41461540031126
"2637",0,0,0,0,0,0,0,0,0,0,1,0,0,1,0,0,0,0,0,2019,3,53.2,9.8,1.5,0,0,-1.13998299100738
"2638",0,0,0,0,0,0,0,0,0,0,1,0,0,0,0,0,0,1,0,2019,4,46.5,9.8,6.8,0,0,0.16452095318606
"2639",0,0,0,0,0,0,0,0,0,0,1,0,0,0,0,0,0,0,1,2019,5,27.6,10,6.1,0.04,0,0.210293021403374
"2640",0,0,0,0,0,0,0,0,0,0,1,0,0,0,0,0,1,0,0,2019,6,35,10,3.3,0,0,-0.407629899530359
"2641",0,0,0,0,0,0,0,0,0,0,1,0,1,0,0,0,0,0,0,2019,7,43.2,10,3.6,0,0,0.462039396598599
"2642",0,0,0,0,0,0,0,0,0,0,1,0,0,0,1,0,0,0,0,2019,2,39.1,10,8.4,0,0,-0.61360420650827
"2643",0,0,0,0,0,0,0,0,0,0,1,0,0,0,0,1,0,0,0,2019,1,35.8,10,8.3,0,0,-1.56337462201753
"2644",0,0,0,0,0,0,0,0,0,0,1,0,0,1,0,0,0,0,0,2019,3,39.3,7.3,7.1,0.01,0,1.85808747722666
"2645",0,0,0,0,0,0,0,0,0,0,1,0,0,0,0,0,0,1,0,2019,4,42.9,6.6,3.3,0.65,0,0.565026550087554
"2646",0,0,0,0,0,0,0,0,0,0,1,0,0,0,0,0,0,0,1,2019,5,43.2,10,4,0.18,0,-0.625047223562599
"2647",0,0,0,0,0,0,0,0,0,0,1,0,0,0,0,0,1,0,0,2019,6,44.8,10,4,0,0,0.759557840011137
"2648",0,0,0,0,0,0,0,0,0,0,1,0,1,0,0,0,0,0,0,2019,7,49.2,9.5,5.9,0,0,0.599355601250539
"2649",0,0,0,0,0,0,0,0,0,0,1,0,0,0,1,0,0,0,0,2019,2,40.3,10,4.6,0.07,0,-0.602161189453942
"2650",0,0,0,0,0,0,0,0,0,0,1,0,0,0,0,1,0,0,0,2019,1,42.6,6.5,5.6,0.61,0,-0.728034377051554
"2651",0,0,0,0,0,0,0,0,0,0,1,0,0,1,0,0,0,0,0,2019,3,44.8,10,5.1,0.32,0,0.690899737685167
"2652",0,0,0,0,0,0,0,0,0,0,1,0,0,0,0,0,0,1,0,2019,4,51.6,9.8,3.8,0,0,1.3889237779992
"2653",0,0,0,0,0,0,0,0,0,0,1,0,0,0,0,0,0,0,1,2019,5,54.3,9.9,3.1,0,0,-0.224541626661105
"2654",0,0,0,0,0,0,0,0,0,0,1,0,0,0,0,0,1,0,0,2019,6,49.2,10,10.7,0.04,0,-2.36438581582051
"2655",0,0,0,0,0,0,0,0,0,0,1,0,1,0,0,0,0,0,0,2019,7,36.1,10,5.5,0,0,-1.78079194604977
"2656",0,0,0,0,0,0,0,0,0,0,1,0,0,0,1,0,0,0,0,2019,2,36.3,10,4,0,0,-1.32307126387663
"2657",0,0,0,0,0,0,0,0,0,1,0,0,0,0,0,1,0,0,0,2019,1,33.3,8,7,0,0,-1.96388021891902
"2658",0,0,0,0,0,0,0,0,0,1,0,0,0,1,0,0,0,0,0,2019,3,35.3,5.4,8.2,0.65,1,-0.00712430262886552
"2659",0,0,0,0,0,0,0,0,0,1,0,0,0,0,0,0,0,1,0,2019,4,32.4,6.6,6.6,0.47,0,0.45059637954427
"2660",0,0,0,0,0,0,0,0,0,1,0,0,0,0,0,0,0,0,1,2019,5,35.3,9,4.7,0.02,0,-0.327528780150061
"2661",0,0,0,0,0,0,0,0,0,1,0,0,0,0,0,0,1,0,0,2019,6,38.6,9.4,7.1,0,0,0.187406987294717
"2662",0,0,0,0,0,0,0,0,0,1,0,0,1,0,0,0,0,0,0,2019,7,40.6,10,6,0,0,-0.201655592552448
"2663",0,0,0,0,0,0,0,0,0,1,0,0,0,0,1,0,0,0,0,2019,2,36.6,10,7.4,0,0,-0.167326541389463
"2664",0,0,0,0,0,0,0,0,0,1,0,0,0,0,0,1,0,0,0,2019,1,34,10,2.3,0,0,-1.43750143441991
"2665",0,0,0,0,0,0,0,0,0,1,0,0,0,1,0,0,0,0,0,2019,3,46.8,4.4,2.9,0.21,1,1.78942937490069
"2666",0,0,0,0,0,0,0,0,0,1,0,0,0,0,0,0,0,1,0,2019,4,55.8,8.5,5.5,1.36,0,0.988418181097705
"2667",0,0,0,0,0,0,0,0,0,1,0,0,0,0,0,0,0,0,1,2019,5,37.3,8.3,5.3,0.36,1,-0.0300103367375223
"2668",0,0,0,0,0,0,0,0,0,1,0,0,0,0,0,0,1,0,0,2019,6,31.1,10,5,0.03,0,0.210293021403374
"2669",0,0,0,0,0,0,0,0,0,1,0,0,1,0,0,0,0,0,0,2019,7,39.1,8.4,4,0,0,2.05261876715025
"2670",0,0,0,0,0,0,0,0,0,1,0,0,0,0,1,0,0,0,0,2019,2,50.1,2.4,5.7,1.93,1,-0.0414533537918507
"2671",0,0,0,0,0,0,0,0,0,1,0,0,0,0,0,1,0,0,0,2019,1,44.8,10,8.7,0.04,0,-0.888236615812152
"2672",0,0,0,0,0,0,0,0,0,1,0,0,0,1,0,0,0,0,0,2019,3,35.6,10,4.3,0,0,-0.705148342942898
"2673",0,0,0,0,0,0,0,0,0,1,0,0,0,0,0,0,0,1,0,2019,4,33.5,5.5,6.3,0.47,0,1.36603774389054
"2674",0,0,0,0,0,0,0,0,0,1,0,0,0,0,0,0,0,0,1,2019,5,33,9.6,7.1,0.53,1,1.37748076094487
"2675",0,0,0,0,0,0,0,0,0,1,0,0,0,0,0,0,1,0,0,2019,6,21.3,9,9.3,0.03,0,1.35459472683621
"2676",0,0,0,0,0,0,0,0,0,1,0,0,1,0,0,0,0,0,0,2019,7,25.8,10,5.8,0,0,1.34315170978189
"2677",0,0,0,0,0,0,0,0,0,1,0,0,0,0,1,0,0,0,0,2019,2,28.2,10,2.9,0,0,-0.693705325888569
"2678",0,0,0,0,0,0,0,0,0,1,0,0,0,0,0,1,0,0,0,2019,1,36.6,8.3,3.5,0,0,-0.808135496431853
"2679",0,0,0,0,0,0,0,0,0,1,0,0,0,1,0,0,0,0,0,2019,3,46.5,9.4,4.3,0,0,0.141634919077404
"2680",0,0,0,0,0,0,0,0,0,1,0,0,0,0,0,0,0,1,0,2019,4,45,10,5.2,0,0,-0.579275155345285
"2681",0,0,0,0,0,0,0,0,0,1,0,0,0,0,0,0,1,0,0,2019,6,39.8,8.1,5.1,0,0,-1.90666513364738
"2682",0,0,0,0,0,0,0,0,0,1,0,0,1,0,0,0,0,0,0,2019,7,49.4,9.9,4.7,0,0,-1.51760255380021
"2683",0,0,0,0,0,0,0,0,0,1,0,0,0,0,1,0,0,0,0,2019,2,48,8.3,3.8,0,0,-2.58180313985275
"2684",0,0,0,0,0,0,0,0,0,1,0,0,0,0,0,1,0,0,0,2019,1,42.6,9.3,3.1,0,0,-2.24995564527723
"2685",0,0,0,0,0,0,0,0,0,1,0,0,0,1,0,0,0,0,0,2019,3,39.4,2.7,10,0.56,1,-0.716591359997226
"2686",0,0,0,0,0,0,0,0,0,1,0,0,0,0,0,0,0,1,0,2019,4,38.7,9.5,5.3,0.43,0,-1.57481763907186
